100
455 5
0.947078 0.052922 0.0 0.0
0.17846 0.015275 0.796131 0.010134
0.0 0.210833 0.0439 0.745267
0.160421 0.488121 0.351458 0.0
0.2265 0.566157 0.207343 0.0
449 4
0.289855 0.409626 0.217258 0.083261
0.0 0.0 1.0 0.0
0.651506 0.109544 0.076638 0.162312
0.0 0.233043 0.714743 0.052214
676 6
1.0 0.0 0.0 0.0
0.0 0.0 1.0 0.0
0.0 1.0 0.0 0.0
0.0 0.063584 0.400609 0.535807
0.454913 0.47671 0.0 0.068377
0.151021 0.674755 0.127124 0.0471
1 1
0.25 0.25 0.25 0.25
35 3
0.25 0.25 0.25 0.25
0.25 0.25 0.25 0.25
0.25 0.25 0.25 0.25
344 3
0.41272 0.0 0.06965 0.51763
0.739527 0.0 0.0 0.260473
1.0 0.0 0.0 0.0
937 6
0.44433 0.271792 0.283878 0.0
0.0 1.0 0.0 0.0
0.0 1.0 0.0 0.0
0.703465 0.264791 0.0 0.031744
0.446652 0.0 0.553348 0.0
1.0 0.0 0.0 0.0
3 1
0.25 0.25 0.25 0.25
2 1
0.25 0.25 0.25 0.25
58 4
0.25 0.25 0.25 0.25
0.25 0.25 0.25 0.25
0.25 0.25 0.25 0.25
0.25 0.25 0.25 0.25
459 5
1.0 0.0 0.0 0.0
1.0 0.0 0.0 0.0
0.0 0.0 0.170202 0.829798
0.0 0.0 0.0 1.0
0.726449 0.116003 0.072912 0.084636
349 5
0.25 0.25 0.25 0.25
0.25 0.25 0.25 0.25
0.25 0.25 0.25 0.25
0.25 0.25 0.25 0.25
0.25 0.25 0.25 0.25
15 4
0.0 0.0 1.0 0.0
0.147558 0.264316 0.588126 0.0
0.0 0.0 0.0 1.0
0.232673 0.345668 0.0 0.421659
2 1
0.25 0.25 0.25 0.25
882 5
1.0 0.0 0.0 0.0
0.222874 0.24342 0.090048 0.443658
0.0 0.0 1.0 0.0
0.043784 0.071882 0.502827 0.381507
0.0 0.782484 0.217516 0.0
28 2
0.092846 0.647586 0.076663 0.182905
1.0 0.0 0.0 0.0
2 1
0.25 0.25 0.25 0.25
356 5
0.25 0.25 0.25 0.25
0.25 0.25 0.25 0.25
0.25 0.25 0.25 0.25
0.25 0.25 0.25 0.25
0.25 0.25 0.25 0.25
10 2
0.25 0.25 0.25 0.25
0.25 0.25 0.25 0.25
289 5
0.25 0.25 0.25 0.25
0.25 0.25 0.25 0.25
0.25 0.25 0.25 0.25
0.25 0.25 0.25 0.25
0.25 0.25 0.25 0.25
59 3
0.398034 0.226189 0.339901 0.035876
0.788587 0.113799 0.020592 0.077022
0.219163 0.052239 0.113092 0.615506
58 3
0.509118 0.138581 0.186831 0.16547
0.03958 0.560216 0.363834 0.03637
0.597379 0.098635 0.204334 0.099652
9 2
0.641681 0.188116 0.042757 0.127446
0.490624 0.346606 0.140727 0.022043
1000 6
0.177488 0.385188 0.406187 0.031137
0.421961 0.549362 0.001575 0.027102
0.107474 0.447898 0.080764 0.363864
0.110755 0.290289 0.238307 0.360649
0.072011 0.164489 0.620495 0.143005
0.309296 0.475582 0.135876 0.079246
4 1
0.714789 0.020417 0.253007 0.011787
2 1
0.356329 0.162778 0.096569 0.384324
1000 6
0.387024 0.562859 0.014974 0.035143
0.672706 0.049194 0.241312 0.036788
0.239209 0.266397 0.135221 0.359173
0.601027 0.048454 0.189206 0.161313
0.108656 0.794251 0.01102 0.086073
0.812865 0.080168 0.103468 0.003499
74 4
0.37933 0.289145 0.066021 0.265504
0.26566 0.492457 0.008602 0.233281
0.36695 0.180304 0.172358 0.280388
0.284297 0.09327 0.015413 0.60702
40 3
0.283275 0.439343 0.078696 0.198686
0.003044 0.005053 0.727884 0.264019
0.154214 0.28882 0.131182 0.425784
713 2
0.088018 0.454589 0.361297 0.096096
0.35586 0.458463 0.11977 0.065907
72 5
0.455143 0.018847 0.016106 0.509904
0.698455 0.098031 0.107498 0.096016
0.1391 0.589293 0.249325 0.022282
0.061 0.040272 0.582232 0.316496
0.447988 0.051826 0.243506 0.25668
239 5
0.358083 0.168841 0.434177 0.038899
0.648069 0.000301 0.161229 0.190401
0.058943 0.370051 0.558503 0.012503
0.034696 0.584021 0.29001 0.091273
0.02392 0.080522 0.582891 0.312667
3 1
0.315172 0.415936 0.130517 0.138375
3 1
0.147536 0.387463 0.348963 0.116038
198 4
0.174781 0.084748 0.648138 0.092333
0.42897 0.047619 0.402588 0.120823
0.188884 0.157161 0.35129 0.302665
0.334867 0.035341 0.514872 0.11492
28 3
0.001623 0.322164 0.087151 0.589062
0.010206 0.427713 0.02175 0.540331
0.190695 0.274716 0.139054 0.395535
1000 6
0.036869 0.117605 0.043003 0.802523
0.092826 0.278123 0.33754 0.291511
0.067153 0.778842 0.090169 0.063836
0.448663 0.259878 0.139975 0.151484
0.190792 0.637947 0.169237 0.002024
0.437194 0.312734 0.08085 0.169222
4 1
0.26249 0.170898 0.428491 0.138121
15 2
0.158539 0.221323 0.132604 0.487534
0.062656 0.114279 0.05977 0.763295
245 4
0.127062 0.447894 0.269454 0.15559
0.588609 0.166994 0.204261 0.040136
0.139192 0.272575 0.189986 0.398247
0.004417 0.319513 0.546127 0.129943
4 1
0.219325 0.258472 0.036806 0.485397
133 4
0.662981 0.053956 0.258466 0.024597
0.127888 0.16805 0.05746 0.646602
0.149333 0.291872 0.114956 0.443839
0.01426 0.147745 0.436629 0.401366
1 1
0.18839 0.346796 0.132856 0.331958
1000 6
0.075489 0.529043 0.052294 0.343174
0.35289 0.089464 0.236562 0.321084
0.061146 0.39472 0.435576 0.108558
0.019585 0.35828 0.448595 0.17354
0.272018 0.124749 0.184362 0.418871
0.074715 0.230511 0.39027 0.304504
55 4
0.054715 0.791559 0.034743 0.118983
0.226446 0.253435 0.049207 0.470912
0.221519 0.179583 0.127816 0.471082
0.086569 0.22039 0.217922 0.475119
238 5
0.614393 0.087917 0.253265 0.044425
0.121654 0.576282 0.22626 0.075804
0.044337 0.859273 0.058016 0.038374
0.071668 0.18129 0.192854 0.554188
0.114173 0.206871 0.233134 0.445822
2 1
0.227367 0.725539 0.001834 0.04526
284 4
0.35479 0.132957 0.297752 0.214501
0.102191 0.436344 0.318984 0.142481
0.270658 0.087608 0.434405 0.207329
0.289424 0.26316 0.332458 0.114958
149 4
0.218692 0.283305 0.231214 0.266789
0.012698 0.539244 0.24509 0.202968
0.611316 0.27871 0.060336 0.049638
0.398821 0.371362 0.019054 0.210763
78 4
0.216089 0.035973 0.575545 0.172393
0.321146 0.184902 0.323236 0.170716
0.607453 0.109245 0.1926 0.090702
0.577145 0.069739 0.210214 0.142902
3 1
0.17281 0.048888 0.773146 0.005156
16 3
0.515303 0.349069 0.005789 0.129839
0.001077 0.267767 0.003962 0.727194
0.474575 0.207441 0.225076 0.092908
1000 6
0.052326 0.188742 0.368465 0.390467
0.299203 0.053656 0.188993 0.458148
0.749004 0.095359 0.110206 0.045431
0.083626 0.045272 0.681532 0.18957
0.113852 0.019294 0.391258 0.475596
0.25585 0.168099 0.535087 0.040964
1000 6
0.19125 0.312002 0.129281 0.367467
0.019934 0.009732 0.382706 0.587628
0.162333 0.626165 0.041869 0.169633
0.032991 0.151476 0.525743 0.28979
0.014723 0.086966 0.720948 0.177363
0.207802 0.020851 0.229959 0.541388
5 2
0.273164 0.283685 0.070098 0.373053
0.152882 0.117793 0.486721 0.242604
1000 6
0.043905 0.695261 0.21529 0.045544
0.012066 0.717904 0.12486 0.14517
0.328483 0.206142 0.063008 0.402367
0.234302 0.008161 0.630142 0.127395
0.197381 0.12215 0.013748 0.666721
0.081429 0.501273 0.282232 0.135066
308 5
0.036437 0.375217 0.525109 0.063237
0.129544 0.182492 0.090218 0.597746
0.194885 0.671378 0.030239 0.103498
0.436226 0.021351 0.068999 0.473424
0.12045 0.261295 0.26333 0.354925
27 4
0.657958 0.106535 0.202516 0.032991
0.061374 0.149872 0.33192 0.456834
0.033929 0.120894 0.216216 0.628961
0.202497 0.673471 0.069006 0.055026
210 6
0.549179 0.194443 0.250951 0.005427
0.276268 0.210573 0.296007 0.217152
0.010976 0.235949 0.537816 0.215259
0.069668 0.033545 0.298809 0.597978
0.566302 0.182867 0.107985 0.142846
0.080168 0.43275 0.452821 0.034261
1 1
0.199639 0.454241 0.143569 0.202551
344 5
0.009995 0.273194 0.710591 0.00622
0.16021 0.111189 0.319154 0.409447
0.723982 0.084683 0.018378 0.172957
0.363268 0.125006 0.317453 0.194273
0.104701 0.047232 0.462071 0.385996
44 5
0.354402 0.245625 0.168133 0.23184
0.362592 0.382212 0.133551 0.121645
0.235603 0.533707 0.050457 0.180233
0.01184 0.202974 0.1016 0.683586
0.304172 0.228041 0.32164 0.146147
1000 6
0.093859 0.200074 0.07715 0.628917
0.201328 0.253866 0.260577 0.284229
0.212989 0.564455 0.017487 0.205069
0.062697 0.041359 0.181288 0.714656
0.167048 0.067158 0.1906 0.575194
0.683582 0.222606 0.042295 0.051517
2 1
0.103764 0.077206 0.618496 0.200534
160 4
0.021071 0.880175 0.080342 0.018412
0.183675 0.376783 0.353845 0.085697
0.137137 0.053912 0.16528 0.643671
0.034943 0.065827 0.122558 0.776672
724 5
0.043328 0.336617 0.450057 0.169998
0.084528 0.783308 0.084421 0.047743
0.271306 0.377094 0.103851 0.247749
0.070058 0.2018 0.585792 0.14235
0.263458 0.104632 0.210467 0.421443
19 4
0.128897 0.116178 0.193916 0.561009
0.005106 0.353911 0.35678 0.284203
0.849679 0.067174 0.022201 0.060946
0.298451 0.139999 0.487178 0.074372
53 3
0.361739 0.478024 0.111884 0.048353
0.032722 0.000356 0.424713 0.542209
0.073667 0.272631 0.586104 0.067598
107 4
0.541739 0.110589 0.006606 0.341066
0.018958 0.297541 0.189833 0.493668
0.032324 0.323676 0.489724 0.154276
0.094895 0.278853 0.275233 0.351019
274 5
0.594911 0.075587 0.13228 0.197222
0.612689 0.076181 0.09654 0.21459
0.094191 0.564556 0.052921 0.288332
0.25756 0.496347 0.166871 0.079222
0.004649 0.731088 0.003182 0.261081
1000 6
0.35399 0.389924 0.011916 0.24417
0.118758 0.472736 0.035834 0.372672
0.346636 0.073098 0.512472 0.067794
0.452428 0.114291 0.209695 0.223586
0.267444 0.319917 0.186507 0.226132
0.346413 0.319492 0.244633 0.089462
4 1
0.063141 0.173065 0.040599 0.723195
2 1
0.353035 0.073358 0.013345 0.560262
388 6
0.312926 0.282867 0.133326 0.270881
0.445406 0.385659 0.116048 0.052887
0.121389 0.326291 0.160181 0.392139
0.398021 0.082314 0.081493 0.438172
0.626215 0.079882 0.092877 0.201026
0.243692 0.382013 0.13493 0.239365
189 4
0.222756 0.16902 0.386965 0.221259
0.1684 0.262788 0.561624 0.007188
0.049437 0.00614 0.482587 0.461836
0.175478 0.579195 0.105922 0.139405
3 1
0.006992 0.229556 0.223537 0.539915
9 2
0.027088 0.361498 0.561118 0.050296
0.088785 0.492586 0.294136 0.124493
5 2
0.2248 0.047727 0.059656 0.667817
0.555841 0.078277 0.064173 0.301709
61 3
0.090922 0.043966 0.287376 0.577736
0.125534 0.316476 0.339975 0.218015
0.017008 0.037837 0.101388 0.843767
1000 6
0.110365 0.157918 0.33279 0.398927
0.010468 0.131516 0.831757 0.026259
0.025231 0.015446 0.012445 0.946878
0.343418 0.331451 0.187468 0.137663
0.603786 0.133247 0.193779 0.069188
0.031301 0.204186 0.245436 0.519077
157 6
0.397303 0.276183 0.084962 0.241552
0.390502 0.544723 0.001777 0.062998
0.749515 0.039665 0.200113 0.010707
0.798479 0.00952 0.062459 0.129542
0.267805 0.120577 0.07757 0.534048
0.126244 0.096149 0.197307 0.5803
1 1
0.524051 0.046413 0.206265 0.223271
1 1
0.266539 0.095582 0.625223 0.012656
2 1
0.002154 0.082082 0.637022 0.278742
1000 6
0.261158 0.009506 0.228281 0.501055
0.08061 0.022865 0.024042 0.872483
0.200754 0.155069 0.41207 0.232107
0.018116 0.255841 0.518695 0.207348
0.199055 0.483517 0.178582 0.138846
0.549591 0.038565 0.312562 0.099282
3 1
0.12189 0.013254 0.706972 0.157884
1 1
0.117172 0.339175 0.182902 0.360751
22 3
0.031273 0.349947 0.594814 0.023966
0.054755 0.381615 0.064311 0.499319
0.185056 0.127486 0.371185 0.316273
514 5
0.033195 0.327631 0.614615 0.024559
0.242865 0.364833 0.081508 0.310794
0.495453 0.255909 0.119148 0.12949
0.263328 0.101777 0.200952 0.433943
0.404076 0.057255 0.51749 0.021179
34 3
0.059141 0.545283 0.112487 0.283089
0.090633 0.410524 0.183752 0.315091
0.14346 0.111282 0.373321 0.371937
227 4
0.264972 0.103787 0.118716 0.512525
0.236782 0.040069 0.499677 0.223472
0.079706 0.423675 0.205654 0.290965
0.271983 0.302723 0.421246 0.004048
65 4
0.482202 0.017606 0.21591 0.284282
0.147173 0.301903 0.05413 0.496794
0.077307 0.398399 0.319383 0.204911
0.308518 0.284856 0.05026 0.356366
15 2
0.453689 0.042278 0.351699 0.152334
0.065451 0.240475 0.550758 0.143316
120 5
0.194008 0.205984 0.172608 0.4274
0.295727 0.153198 0.488508 0.062567
0.387065 0.039273 0.248186 0.325476
0.488947 0.065401 0.30935 0.136302
0.15883 0.086607 0.351038 0.403525
73 4
0.469505 0.014954 0.352397 0.163144
0.069444 0.26656 0.547818 0.116178
0.028734 0.05029 0.445023 0.475953
0.227808 0.059957 0.657042 0.055193
2 2
0.303552 0.016898 0.420912 0.258638
0.071524 0.341603 0.529511 0.057362
13 2
0.648669 0.044672 0.16816 0.138499
0.006122 0.385288 0.227044 0.381546
237 4
0.208997 0.338362 0.391064 0.061577
0.516192 0.06556 0.299374 0.118874
0.121913 0.045729 0.729811 0.102547
0.016417 0.016709 0.767406 0.199468
658 1
0.275916 0.076342 0.616511 0.031231
227 2
0.015464 0.143532 0.53081 0.310194
0.496146 0.174988 0.202773 0.126093
