100
15
0 1 2 3 4 5 6 7 8 9 10 11 12 13 14
1 0 15 16 17 18 19 20 21 22 23 24 25 26 27
2 15 0 28 29 30 31 32 33 34 35 36 37 38 39
3 16 28 0 40 41 42 43 44 45 46 47 48 49 50
4 17 29 40 0 51 52 53 54 55 56 57 58 59 60
5 18 30 41 51 0 61 62 63 64 65 66 67 68 69
6 19 31 42 52 61 0 70 71 72 73 74 75 76 77
7 20 32 43 53 62 70 0 78 79 80 81 82 83 84
8 21 33 44 54 63 71 78 0 85 86 87 88 89 90
9 22 34 45 55 64 72 79 85 0 91 92 93 94 95
10 23 35 46 56 65 73 80 86 91 0 96 97 98 99
11 24 36 47 57 66 74 81 87 92 96 0 100 101 102
12 25 37 48 58 67 75 82 88 93 97 100 0 103 104
13 26 38 49 59 68 76 83 89 94 98 101 103 0 105
14 27 39 50 60 69 77 84 90 95 99 102 104 105 0
14
0 0 0 0 9 0 0 0 10 0 0 0 3 0
0 0 0 0 0 8 0 0 0 8 0 0 0 3
0 0 0 0 0 0 4 0 0 0 4 0 0 0
0 0 0 0 0 0 0 3 0 0 0 2 0 0
9 0 0 0 0 0 0 0 4 0 0 0 8 0
0 8 0 0 0 0 0 0 0 2 0 0 0 7
0 0 4 0 0 0 0 0 0 0 6 0 0 0
0 0 0 3 0 0 0 0 0 0 0 3 0 0
10 0 0 0 4 0 0 0 0 0 0 0 1 0
0 8 0 0 0 2 0 0 0 0 0 0 0 6
0 0 4 0 0 0 6 0 0 0 0 0 0 0
0 0 0 2 0 0 0 3 0 0 0 0 0 0
3 0 0 0 8 0 0 0 1 0 0 0 0 0
0 3 0 0 0 7 0 0 0 6 0 0 0 0
10
0 4 17 1 20 4 7 11 5 18
4 0 17 0 0 0 19 12 6 10
17 17 0 7 16 20 9 9 17 19
1 0 7 0 7 8 0 13 2 0
20 0 16 7 0 0 20 2 15 4
4 0 20 8 0 0 8 0 3 0
7 19 9 0 20 8 0 5 7 16
11 12 9 13 2 0 5 0 4 0
5 6 17 2 15 3 7 4 0 2
18 10 19 0 4 0 16 0 2 0
11
0 591 674 113 594 234 0 880 310 960 148
591 0 946 720 233 0 464 741 575 453 771
674 946 0 497 461 456 0 0 136 891 65
113 720 497 0 0 280 929 0 500 0 289
594 233 461 0 0 0 559 460 206 779 684
234 0 456 280 0 0 941 0 887 5 0
0 464 0 929 559 941 0 260 601 288 416
880 741 0 0 460 0 260 0 589 417 336
310 575 136 500 206 887 601 589 0 0 143
960 453 891 0 779 5 288 417 0 0 392
148 771 65 289 684 0 416 336 143 392 0
12
0 0 0 0 0 0 0 2 0 0 0 0
0 0 0 0 0 0 0 0 1 0 0 0
0 0 0 0 0 0 0 0 0 5 0 0
0 0 0 0 0 0 0 0 0 0 7 0
0 0 0 0 0 0 0 0 0 0 0 3
0 0 0 0 0 0 0 0 0 0 0 0
0 0 0 0 0 0 0 0 0 0 0 0
2 0 0 0 0 0 0 0 0 0 0 0
0 1 0 0 0 0 0 0 0 0 0 0
0 0 5 0 0 0 0 0 0 0 0 0
0 0 0 7 0 0 0 0 0 0 0 0
0 0 0 0 3 0 0 0 0 0 0 0
12
0 1 0 12 19 17 12 8 15 16 14 0
1 0 2 1 19 17 0 17 5 13 12 13
0 2 0 1 4 2 16 17 7 16 20 6
12 1 1 0 20 17 0 16 4 16 13 19
19 19 4 20 0 6 6 18 19 4 3 8
17 17 2 17 6 0 11 1 6 0 13 0
12 0 16 0 6 11 0 2 0 10 4 7
8 17 17 16 18 1 2 0 0 5 11 6
15 5 7 4 19 6 0 0 0 18 8 0
16 13 16 16 4 0 10 5 18 0 0 0
14 12 20 13 3 13 4 11 8 0 0 15
0 13 6 19 8 0 7 6 0 0 15 0
15
0 0 0 0 0 0 0 0 0 0 0 0 2 0 0
0 0 0 0 0 0 0 0 0 0 0 0 0 6 0
0 0 0 0 0 0 0 0 0 0 0 0 0 0 1
0 0 0 0 0 0 0 0 0 0 0 0 0 0 0
0 0 0 0 0 0 0 0 0 0 0 0 0 0 0
0 0 0 0 0 0 0 0 0 0 0 0 0 0 0
0 0 0 0 0 0 0 0 0 0 0 0 0 0 0
0 0 0 0 0 0 0 0 0 0 0 0 0 0 0
0 0 0 0 0 0 0 0 0 0 0 0 0 0 0
0 0 0 0 0 0 0 0 0 0 0 0 0 0 0
0 0 0 0 0 0 0 0 0 0 0 0 0 0 0
0 0 0 0 0 0 0 0 0 0 0 0 0 0 0
2 0 0 0 0 0 0 0 0 0 0 0 0 0 0
0 6 0 0 0 0 0 0 0 0 0 0 0 0 0
0 0 1 0 0 0 0 0 0 0 0 0 0 0 0
7
0 14 18 19 1 19 0
14 0 19 20 0 8 4
18 19 0 0 16 19 17
19 20 0 0 3 9 8
1 0 16 3 0 0 14
19 8 19 9 0 0 2
0 4 17 8 14 2 0
15
0 0 0 2 0 0 0 0 0 0 0 4 0 0 2
0 0 0 0 0 0 0 0 0 0 0 0 4 0 0
0 0 0 0 0 0 0 0 0 0 0 0 0 0 0
2 0 0 0 0 0 0 0 0 0 0 9 0 0 9
0 0 0 0 0 1 0 4 0 0 0 0 0 0 0
0 0 0 0 1 0 0 3 0 0 0 0 0 0 0
0 0 0 0 0 0 0 0 5 0 0 0 0 0 0
0 0 0 0 4 3 0 0 0 0 0 0 0 0 0
0 0 0 0 0 0 5 0 0 0 0 0 0 0 0
0 0 0 0 0 0 0 0 0 0 6 0 0 1 0
0 0 0 0 0 0 0 0 0 6 0 0 0 4 0
4 0 0 9 0 0 0 0 0 0 0 0 0 0 5
0 4 0 0 0 0 0 0 0 0 0 0 0 0 0
0 0 0 0 0 0 0 0 0 1 4 0 0 0 0
2 0 0 9 0 0 0 0 0 0 0 5 0 0 0
12
0 2 9 5 9 2 10 10 9 10 3 1
2 0 9 3 10 10 8 6 3 8 3 6
9 9 0 4 4 9 8 2 10 1 6 8
5 3 4 0 3 10 6 9 10 10 8 9
9 10 4 3 0 10 9 1 3 8 4 2
2 10 9 10 10 0 7 1 8 1 1 2
10 8 8 6 9 7 0 7 6 7 5 5
10 6 2 9 1 1 7 0 9 6 6 4
9 3 10 10 3 8 6 9 0 4 10 5
10 8 1 10 8 1 7 6 4 0 1 8
3 3 6 8 4 1 5 6 10 1 0 4
1 6 8 9 2 2 5 4 5 8 4 0
13
0 14 7 0 19 1 16 0 0 0 14 0 18
14 0 9 0 0 5 7 19 0 6 0 14 0
7 9 0 6 13 4 0 18 0 0 6 12 3
0 0 6 0 10 11 1 15 20 6 5 16 4
19 0 13 10 0 8 2 18 2 0 19 7 0
1 5 4 11 8 0 14 15 5 19 11 12 2
16 7 0 1 2 14 0 17 8 11 8 20 8
0 19 18 15 18 15 17 0 11 17 2 10 10
0 0 0 20 2 5 8 11 0 2 20 3 10
0 6 0 6 0 19 11 17 2 0 17 0 9
14 0 6 5 19 11 8 2 20 17 0 2 0
0 14 12 16 7 12 20 10 3 0 2 0 15
18 0 3 4 0 2 8 10 10 9 0 15 0
14
0 209 22 6 247 381 636 740 713 7 789 340 673 621
209 0 956 488 766 437 835 553 931 708 343 976 769 324
22 956 0 825 332 432 684 13 783 893 34 789 491 414
6 488 825 0 776 230 479 782 370 818 807 342 125 294
247 766 332 776 0 107 561 128 12 844 187 354 819 956
381 437 432 230 107 0 30 995 639 461 679 652 244 923
636 835 684 479 561 30 0 685 384 765 451 159 994 281
740 553 13 782 128 995 685 0 293 716 450 99 57 575
713 931 783 370 12 639 384 293 0 744 516 135 223 527
7 708 893 818 844 461 765 716 744 0 978 409 880 797
789 343 34 807 187 679 451 450 516 978 0 364 909 791
340 976 789 342 354 652 159 99 135 409 364 0 355 722
673 769 491 125 819 244 994 57 223 880 909 355 0 821
621 324 414 294 956 923 281 575 527 797 791 722 821 0
9
0 17 11 13 0 16 5 10 13
17 0 3 14 0 9 20 14 0
11 3 0 12 3 11 5 11 16
13 14 12 0 0 12 16 0 17
0 0 3 0 0 9 0 15 0
16 9 11 12 9 0 2 0 19
5 20 5 16 0 2 0 11 17
10 14 11 0 15 0 11 0 3
13 0 16 17 0 19 17 3 0
15
0 624 906 271 982 372 181 829 598 748 491 302 181 539 311
624 0 944 295 742 213 416 307 414 452 618 908 525 47 149
906 944 0 178 526 385 34 149 643 657 482 14 837 310 963
271 295 178 0 937 152 265 117 691 575 412 337 668 624 105
982 742 526 937 0 974 389 908 591 297 432 989 797 610 866
372 213 385 152 974 0 533 995 14 175 651 847 188 840 156
181 416 34 265 389 533 0 151 776 308 767 244 350 341 655
829 307 149 117 908 995 151 0 38 360 631 142 333 19 49
598 414 643 691 591 14 776 38 0 276 667 833 264 463 794
748 452 657 575 297 175 308 360 276 0 130 348 788 495 522
491 618 482 412 432 651 767 631 667 130 0 791 694 62 630
302 908 14 337 989 847 244 142 833 348 791 0 849 564 757
181 525 837 668 797 188 350 333 264 788 694 849 0 508 330
539 47 310 624 610 840 341 19 463 495 62 564 508 0 352
311 149 963 105 866 156 655 49 794 522 630 757 330 352 0
8
0 18 8 8 8 10 9 0
18 0 5 17 0 13 2 14
8 5 0 16 3 0 5 8
8 17 16 0 17 18 16 4
8 0 3 17 0 0 13 0
10 13 0 18 0 0 11 14
9 2 5 16 13 11 0 17
0 14 8 4 0 14 17 0
13
0 5 8 3 5 5 1 6 9 2 10 4 1
5 0 8 7 3 4 9 1 4 2 3 5 8
8 8 0 1 1 3 2 4 1 1 8 5 8
3 7 1 0 10 9 4 2 6 2 6 7 7
5 3 1 10 0 6 5 5 10 8 6 10 2
5 4 3 9 6 0 7 4 8 6 5 10 9
1 9 2 4 5 7 0 8 5 9 8 3 3
6 1 4 2 5 4 8 0 5 4 4 10 6
9 4 1 6 10 8 5 5 0 1 3 1 8
2 2 1 2 8 6 9 4 1 0 9 8 2
10 3 8 6 6 5 8 4 3 9 0 6 7
4 5 5 7 10 10 3 10 1 8 6 0 1
1 8 8 7 2 9 3 6 8 2 7 1 0
10
0 600 526 149 834 195 0 523 31 229
600 0 264 0 583 44 300 0 404 0
526 264 0 577 571 0 385 26 626 405
149 0 577 0 527 0 0 408 803 0
834 583 571 527 0 832 0 39 0 0
195 44 0 0 832 0 0 591 123 862
0 300 385 0 0 0 0 125 898 0
523 0 26 408 39 591 125 0 160 251
31 404 626 803 0 123 898 160 0 707
229 0 405 0 0 862 0 251 707 0
7
0 0 0 81 105 615 346
0 0 945 517 0 148 0
0 945 0 0 877 558 563
81 517 0 0 324 92 773
105 0 877 324 0 0 23
615 148 558 92 0 0 751
346 0 563 773 23 751 0
15
0 241 241 241 241 241 241 241 241 241 241 241 241 241 241
241 0 241 241 241 241 241 241 241 241 241 241 241 241 241
241 241 0 241 241 241 241 241 241 241 241 241 241 241 241
241 241 241 0 241 241 241 241 241 241 241 241 241 241 241
241 241 241 241 0 241 241 241 241 241 241 241 241 241 241
241 241 241 241 241 0 241 241 241 241 241 241 241 241 241
241 241 241 241 241 241 0 241 241 241 241 241 241 241 241
241 241 241 241 241 241 241 0 241 241 241 241 241 241 241
241 241 241 241 241 241 241 241 0 241 241 241 241 241 241
241 241 241 241 241 241 241 241 241 0 241 241 241 241 241
241 241 241 241 241 241 241 241 241 241 0 241 241 241 241
241 241 241 241 241 241 241 241 241 241 241 0 241 241 241
241 241 241 241 241 241 241 241 241 241 241 241 0 241 241
241 241 241 241 241 241 241 241 241 241 241 241 241 0 241
241 241 241 241 241 241 241 241 241 241 241 241 241 241 0
14
0 14 10 0 2 20 14 9 6 0 9 0 20 20
14 0 2 2 1 20 0 18 14 16 17 15 0 0
10 2 0 2 2 0 15 10 20 3 4 12 0 19
0 2 2 0 16 15 8 0 8 0 9 13 1 11
2 1 2 16 0 0 3 19 9 3 13 5 20 14
20 20 0 15 0 0 0 9 13 0 0 19 5 16
14 0 15 8 3 0 0 3 13 8 0 4 19 10
9 18 10 0 19 9 3 0 0 0 11 6 13 16
6 14 20 8 9 13 13 0 0 12 6 19 17 2
0 16 3 0 3 0 8 0 12 0 17 16 13 15
9 17 4 9 13 0 0 11 6 17 0 10 10 0
0 15 12 13 5 19 4 6 19 16 10 0 5 0
20 0 0 1 20 5 19 13 17 13 10 5 0 4
20 0 19 11 14 16 10 16 2 15 0 0 4 0
15
0 13 6 15 0 9 9 9 20 4 0 18 13 0 1
13 0 6 12 2 12 3 5 0 17 12 14 5 20 20
6 6 0 1 0 0 0 3 2 0 0 20 10 0 0
15 12 1 0 8 7 5 2 0 10 13 16 0 8 0
0 2 0 8 0 16 0 0 10 0 5 0 18 6 20
9 12 0 7 16 0 14 0 19 17 19 14 17 3 20
9 3 0 5 0 14 0 0 0 4 0 9 3 14 3
9 5 3 2 0 0 0 0 0 0 3 18 9 19 13
20 0 2 0 10 19 0 0 0 0 0 5 6 18 12
4 17 0 10 0 17 4 0 0 0 0 12 10 4 3
0 12 0 13 5 19 0 3 0 0 0 17 0 6 19
18 14 20 16 0 14 9 18 5 12 17 0 14 7 20
13 5 10 0 18 17 3 9 6 10 0 14 0 0 8
0 20 0 8 6 3 14 19 18 4 6 7 0 0 2
1 20 0 0 20 20 3 13 12 3 19 20 8 2 0
13
0 0 0 0 0 0 0 0 0 0 0 0 0
0 0 0 0 0 0 0 0 0 0 0 0 0
0 0 0 0 0 0 0 0 0 0 0 0 0
0 0 0 0 0 0 0 0 0 0 0 0 0
0 0 0 0 0 0 0 0 0 0 0 0 0
0 0 0 0 0 0 0 0 0 0 0 0 0
0 0 0 0 0 0 0 0 0 0 0 0 0
0 0 0 0 0 0 0 0 0 0 0 0 0
0 0 0 0 0 0 0 0 0 0 0 0 0
0 0 0 0 0 0 0 0 0 0 0 0 0
0 0 0 0 0 0 0 0 0 0 0 0 0
0 0 0 0 0 0 0 0 0 0 0 0 0
0 0 0 0 0 0 0 0 0 0 0 0 0
11
0 18 16 9 9 10 0 10 15 19 5
18 0 12 0 11 0 8 0 19 2 19
16 12 0 0 20 9 3 0 0 14 5
9 0 0 0 6 5 11 19 0 0 7
9 11 20 6 0 14 18 5 7 13 12
10 0 9 5 14 0 0 15 19 18 8
0 8 3 11 18 0 0 10 0 2 5
10 0 0 19 5 15 10 0 17 2 16
15 19 0 0 7 19 0 17 0 3 17
19 2 14 0 13 18 2 2 3 0 20
5 19 5 7 12 8 5 16 17 20 0
15
0 12 0 3 2 0 4 10 9 6 1 0 9 7 6
12 0 5 12 5 9 4 0 0 4 4 0 13 0 2
0 5 0 6 14 12 13 0 1 8 15 16 2 3 15
3 12 6 0 6 0 16 0 17 8 14 14 1 4 1
2 5 14 6 0 0 5 19 0 0 4 17 19 3 11
0 9 12 0 0 0 7 0 14 0 2 14 19 0 1
4 4 13 16 5 7 0 14 0 20 7 0 18 11 0
10 0 0 0 19 0 14 0 8 6 7 0 1 15 10
9 0 1 17 0 14 0 8 0 19 5 0 0 7 2
6 4 8 8 0 0 20 6 19 0 17 0 8 3 20
1 4 15 14 4 2 7 7 5 17 0 12 6 20 0
0 0 16 14 17 14 0 0 0 0 12 0 18 4 3
9 13 2 1 19 19 18 1 0 8 6 18 0 3 0
7 0 3 4 3 0 11 15 7 3 20 4 3 0 18
6 2 15 1 11 1 0 10 2 20 0 3 0 18 0
11
0 0 877 0 0 956 0 450 78 814 567
0 0 225 948 938 0 56 444 0 60 0
877 225 0 0 41 173 185 157 429 0 490
0 948 0 0 232 0 264 65 0 731 203
0 938 41 232 0 71 104 557 304 229 0
956 0 173 0 71 0 535 661 14 803 253
0 56 185 264 104 535 0 0 476 301 465
450 444 157 65 557 661 0 0 822 0 0
78 0 429 0 304 14 476 822 0 904 482
814 60 0 731 229 803 301 0 904 0 0
567 0 490 203 0 253 465 0 482 0 0
7
0 18 0 5 12 0 0
18 0 1 14 2 1 1
0 1 0 17 8 0 7
5 14 17 0 0 0 13
12 2 8 0 0 11 6
0 1 0 0 11 0 0
0 1 7 13 6 0 0
14
0 302 302 302 302 302 302 302 302 302 302 302 302 302
302 0 302 302 302 302 302 302 302 302 302 302 302 302
302 302 0 302 302 302 302 302 302 302 302 302 302 302
302 302 302 0 302 302 302 302 302 302 302 302 302 302
302 302 302 302 0 302 302 302 302 302 302 302 302 302
302 302 302 302 302 0 302 302 302 302 302 302 302 302
302 302 302 302 302 302 0 302 302 302 302 302 302 302
302 302 302 302 302 302 302 0 302 302 302 302 302 302
302 302 302 302 302 302 302 302 0 302 302 302 302 302
302 302 302 302 302 302 302 302 302 0 302 302 302 302
302 302 302 302 302 302 302 302 302 302 0 302 302 302
302 302 302 302 302 302 302 302 302 302 302 0 302 302
302 302 302 302 302 302 302 302 302 302 302 302 0 302
302 302 302 302 302 302 302 302 302 302 302 302 302 0
10
0 467 364 333 894 166 0 715 433 0
467 0 983 384 0 83 379 0 0 366
364 983 0 870 478 569 0 0 0 801
333 384 870 0 81 0 936 893 3 56
894 0 478 81 0 888 266 233 655 603
166 83 569 0 888 0 0 0 162 89
0 379 0 936 266 0 0 0 0 633
715 0 0 893 233 0 0 0 610 104
433 0 0 3 655 162 0 610 0 149
0 366 801 56 603 89 633 104 149 0
13
0 0 2 0 0 0 0 0 0 0 0 0 0
0 0 0 0 0 0 0 0 5 6 0 6 0
2 0 0 0 0 0 0 0 0 0 0 0 0
0 0 0 0 0 3 10 0 0 0 9 0 0
0 0 0 0 0 0 0 4 0 0 0 0 0
0 0 0 3 0 0 10 0 0 0 3 0 0
0 0 0 10 0 10 0 0 0 0 10 0 0
0 0 0 0 4 0 0 0 0 0 0 0 0
0 5 0 0 0 0 0 0 0 9 0 8 0
0 6 0 0 0 0 0 0 9 0 0 9 0
0 0 0 9 0 3 10 0 0 0 0 0 0
0 6 0 0 0 0 0 0 8 9 0 0 0
0 0 0 0 0 0 0 0 0 0 0 0 0
11
0 6 18 17 14 0 8 1 7 6 0
6 0 20 6 0 3 6 20 14 13 13
18 20 0 4 18 6 16 3 7 14 13
17 6 4 0 18 8 0 10 15 1 0
14 0 18 18 0 16 0 0 0 4 10
0 3 6 8 16 0 14 9 18 0 2
8 6 16 0 0 14 0 9 14 5 5
1 20 3 10 0 9 9 0 11 18 16
7 14 7 15 0 18 14 11 0 0 0
6 13 14 1 4 0 5 18 0 0 0
0 13 13 0 10 2 5 16 0 0 0
14
0 350 0 618 0 0 109 0 578 803 0 820 298 19
350 0 693 63 715 972 0 47 0 0 270 642 736 658
0 693 0 0 682 975 572 322 96 750 253 359 601 836
618 63 0 0 0 0 656 0 55 0 865 0 0 774
0 715 682 0 0 849 0 632 104 198 0 396 230 80
0 972 975 0 849 0 68 0 222 380 0 174 150 554
109 0 572 656 0 68 0 0 916 0 221 33 331 370
0 47 322 0 632 0 0 0 0 896 0 965 830 297
578 0 96 55 104 222 916 0 0 196 0 651 286 837
803 0 750 0 198 380 0 896 196 0 0 373 376 0
0 270 253 865 0 0 221 0 0 0 0 465 886 582
820 642 359 0 396 174 33 965 651 373 465 0 828 314
298 736 601 0 230 150 331 830 286 376 886 828 0 767
19 658 836 774 80 554 370 297 837 0 582 314 767 0
11
0 4 12 16 16 16 8 11 0 12 0
4 0 8 10 18 18 9 10 0 14 0
12 8 0 14 0 6 0 19 16 4 0
16 10 14 0 1 19 13 11 10 14 0
16 18 0 1 0 15 7 4 4 4 2
16 18 6 19 15 0 0 6 9 4 16
8 9 0 13 7 0 0 5 9 15 1
11 10 19 11 4 6 5 0 6 17 0
0 0 16 10 4 9 9 6 0 7 11
12 14 4 14 4 4 15 17 7 0 1
0 0 0 0 2 16 1 0 11 1 0
11
0 9 18 0 0 0 12 12 1 3 0
9 0 0 17 4 2 0 0 0 14 10
18 0 0 18 8 5 0 14 11 16 0
0 17 18 0 11 0 0 9 13 2 9
0 4 8 11 0 6 0 20 16 0 0
0 2 5 0 6 0 12 17 11 10 19
12 0 0 0 0 12 0 16 0 2 7
12 0 14 9 20 17 16 0 17 1 16
1 0 11 13 16 11 0 17 0 19 0
3 14 16 2 0 10 2 1 19 0 11
0 10 0 9 0 19 7 16 0 11 0
9
0 2 0 2 0 0 0 9 19
2 0 0 0 1 5 2 18 18
0 0 0 20 0 3 0 15 5
2 0 20 0 15 0 8 5 0
0 1 0 15 0 1 20 0 20
0 5 3 0 1 0 4 0 0
0 2 0 8 20 4 0 20 17
9 18 15 5 0 0 20 0 0
19 18 5 0 20 0 17 0 0
11
0 0 11 7 1 20 13 12 0 18 0
0 0 16 0 19 2 17 10 4 1 0
11 16 0 16 16 15 16 0 7 9 0
7 0 16 0 7 12 3 3 9 0 7
1 19 16 7 0 1 0 14 0 13 6
20 2 15 12 1 0 18 5 14 0 0
13 17 16 3 0 18 0 16 0 1 17
12 10 0 3 14 5 16 0 10 14 18
0 4 7 9 0 14 0 10 0 0 0
18 1 9 0 13 0 1 14 0 0 0
0 0 0 7 6 0 17 18 0 0 0
11
0 7 0 12 12 0 12 2 0 5 13
7 0 0 9 14 12 0 0 6 0 0
0 0 0 4 17 13 0 11 5 0 15
12 9 4 0 7 11 0 10 17 0 3
12 14 17 7 0 1 8 13 16 13 0
0 12 13 11 1 0 12 9 11 0 17
12 0 0 0 8 12 0 1 0 0 9
2 0 11 10 13 9 1 0 10 0 0
0 6 5 17 16 11 0 10 0 9 0
5 0 0 0 13 0 0 0 9 0 11
13 0 15 3 0 17 9 0 0 11 0
9
0 684 902 0 396 99 768 280 0
684 0 646 605 470 0 614 192 85
902 646 0 459 473 511 801 971 585
0 605 459 0 738 672 0 565 135
396 470 473 738 0 290 83 629 0
99 0 511 672 290 0 995 184 328
768 614 801 0 83 995 0 282 951
280 192 971 565 629 184 282 0 730
0 85 585 135 0 328 951 730 0
15
0 0 2 4 6 4 20 0 10 8 11 9 5 20 19
0 0 19 1 3 4 0 15 19 2 15 2 9 0 6
2 19 0 19 0 5 7 0 19 18 0 3 0 14 7
4 1 19 0 14 10 16 7 12 0 15 14 4 19 3
6 3 0 14 0 6 5 2 15 16 0 17 3 11 11
4 4 5 10 6 0 0 12 15 0 8 0 15 8 4
20 0 7 16 5 0 0 7 0 0 18 12 8 16 18
0 15 0 7 2 12 7 0 0 13 0 20 5 6 1
10 19 19 12 15 15 0 0 0 5 0 4 14 0 13
8 2 18 0 16 0 0 13 5 0 19 20 6 20 0
11 15 0 15 0 8 18 0 0 19 0 11 20 0 11
9 2 3 14 17 0 12 20 4 20 11 0 14 19 20
5 9 0 4 3 15 8 5 14 6 20 14 0 0 19
20 0 14 19 11 8 16 6 0 20 0 19 0 0 9
19 6 7 3 11 4 18 1 13 0 11 20 19 9 0
12
0 0 0 3 1 17 9 12 4 1 16 16
0 0 20 0 3 0 2 1 10 4 18 9
0 20 0 20 8 6 0 13 8 11 0 6
3 0 20 0 17 0 4 3 20 0 18 0
1 3 8 17 0 0 0 0 6 5 12 0
17 0 6 0 0 0 8 16 12 18 18 6
9 2 0 4 0 8 0 18 0 11 18 12
12 1 13 3 0 16 18 0 8 10 0 0
4 10 8 20 6 12 0 8 0 1 8 14
1 4 11 0 5 18 11 10 1 0 7 17
16 18 0 18 12 18 18 0 8 7 0 20
16 9 6 0 0 6 12 0 14 17 20 0
7
0 10 7 0 13 18 19
10 0 0 4 10 0 20
7 0 0 17 0 6 1
0 4 17 0 2 10 20
13 10 0 2 0 16 0
18 0 6 10 16 0 6
19 20 1 20 0 6 0
13
0 0 277 756 197 0 497 339 518 813 382 0 0
0 0 893 123 0 341 446 0 669 972 0 891 771
277 893 0 163 0 839 277 0 0 727 578 360 389
756 123 163 0 0 507 904 70 0 257 127 0 617
197 0 0 0 0 947 188 839 341 333 0 387 129
0 341 839 507 947 0 670 968 177 0 145 547 374
497 446 277 904 188 670 0 202 0 391 654 759 0
339 0 0 70 839 968 202 0 0 968 0 0 728
518 669 0 0 341 177 0 0 0 735 532 67 0
813 972 727 257 333 0 391 968 735 0 945 112 355
382 0 578 127 0 145 654 0 532 945 0 0 936
0 891 360 0 387 547 759 0 67 112 0 0 347
0 771 389 617 129 374 0 728 0 355 936 347 0
9
0 18 17 0 1 4 0 6 8
18 0 11 12 0 2 0 15 11
17 11 0 11 11 0 11 20 12
0 12 11 0 0 18 0 13 14
1 0 11 0 0 10 19 19 0
4 2 0 18 10 0 9 20 0
0 0 11 0 19 9 0 0 11
6 15 20 13 19 20 0 0 3
8 11 12 14 0 0 11 3 0
7
0 0 893 606 760 322 432
0 0 332 566 0 481 744
893 332 0 0 407 746 209
606 566 0 0 0 0 486
760 0 407 0 0 0 847
322 481 746 0 0 0 512
432 744 209 486 847 512 0
12
0 2 9 10 11 0 0 20 13 15 6 8
2 0 2 14 1 9 14 18 8 10 0 18
9 2 0 0 16 13 17 17 3 0 8 2
10 14 0 0 9 5 10 12 13 11 10 0
11 1 16 9 0 4 18 11 15 0 10 8
0 9 13 5 4 0 9 0 1 8 17 16
0 14 17 10 18 9 0 0 18 0 16 5
20 18 17 12 11 0 0 0 19 0 16 10
13 8 3 13 15 1 18 19 0 15 18 14
15 10 0 11 0 8 0 0 15 0 0 13
6 0 8 10 10 17 16 16 18 0 0 16
8 18 2 0 8 16 5 10 14 13 16 0
14
0 13 15 13 16 17 4 6 14 19 5 20 17 14
13 0 13 0 20 4 13 1 0 10 16 0 4 19
15 13 0 12 0 10 6 6 6 0 0 9 17 19
13 0 12 0 8 12 15 16 19 0 7 0 0 12
16 20 0 8 0 6 0 13 0 10 0 0 19 7
17 4 10 12 6 0 0 13 9 1 15 5 9 14
4 13 6 15 0 0 0 2 0 18 10 0 11 0
6 1 6 16 13 13 2 0 0 14 2 15 0 8
14 0 6 19 0 9 0 0 0 7 15 0 0 13
19 10 0 0 10 1 18 14 7 0 8 20 14 13
5 16 0 7 0 15 10 2 15 8 0 0 15 4
20 0 9 0 0 5 0 15 0 20 0 0 17 2
17 4 17 0 19 9 11 0 0 14 15 17 0 0
14 19 19 12 7 14 0 8 13 13 4 2 0 0
13
0 20 0 12 0 3 15 20 17 20 0 0 0
20 0 19 1 0 15 0 5 7 8 1 0 5
0 19 0 0 0 17 17 16 8 0 12 12 11
12 1 0 0 0 12 10 20 0 2 1 0 13
0 0 0 0 0 19 11 8 19 9 2 10 0
3 15 17 12 19 0 0 0 20 9 0 0 18
15 0 17 10 11 0 0 12 19 6 20 9 6
20 5 16 20 8 0 12 0 10 2 7 16 19
17 7 8 0 19 20 19 10 0 17 13 8 0
20 8 0 2 9 9 6 2 17 0 2 0 7
0 1 12 1 2 0 20 7 13 2 0 10 6
0 0 12 0 10 0 9 16 8 0 10 0 5
0 5 11 13 0 18 6 19 0 7 6 5 0
11
0 4 0 0 1 0 0 1 0 0 0
4 0 0 0 6 0 0 7 0 0 0
0 0 0 8 0 0 0 0 4 0 0
0 0 8 0 0 0 0 0 3 0 0
1 6 0 0 0 0 0 3 0 0 0
0 0 0 0 0 0 2 0 0 9 10
0 0 0 0 0 2 0 0 0 8 4
1 7 0 0 3 0 0 0 0 0 0
0 0 4 3 0 0 0 0 0 0 0
0 0 0 0 0 9 8 0 0 0 9
0 0 0 0 0 10 4 0 0 9 0
7
0 9 8 0 0 11 17
9 0 11 20 0 0 18
8 11 0 18 16 20 0
0 20 18 0 10 0 20
0 0 16 10 0 0 19
11 0 20 0 0 0 17
17 18 0 20 19 17 0
15
0 7 0 8 2 4 6 0 18 3 0 11 0 20 16
7 0 16 1 12 15 11 6 15 0 15 0 0 1 20
0 16 0 6 0 5 0 5 2 0 0 0 16 6 19
8 1 6 0 11 7 7 19 9 0 4 0 8 7 0
2 12 0 11 0 0 18 18 8 5 13 12 9 0 15
4 15 5 7 0 0 14 12 7 0 17 10 8 0 9
6 11 0 7 18 14 0 0 1 0 0 14 0 9 7
0 6 5 19 18 12 0 0 0 0 1 16 18 8 7
18 15 2 9 8 7 1 0 0 6 1 9 11 4 0
3 0 0 0 5 0 0 0 6 0 12 10 20 6 10
0 15 0 4 13 17 0 1 1 12 0 0 8 19 0
11 0 0 0 12 10 14 16 9 10 0 0 0 14 19
0 0 16 8 9 8 0 18 11 20 8 0 0 0 15
20 1 6 7 0 0 9 8 4 6 19 14 0 0 5
16 20 19 0 15 9 7 7 0 10 0 19 15 5 0
8
0 316 344 352 634 985 400 64
316 0 0 0 750 0 0 0
344 0 0 584 610 0 247 704
352 0 584 0 0 782 0 376
634 750 610 0 0 127 116 0
985 0 0 782 127 0 12 797
400 0 247 0 116 12 0 0
64 0 704 376 0 797 0 0
11
0 1 454 392 0 363 0 0 493 0 377
1 0 952 0 956 844 0 798 792 462 0
454 952 0 856 946 659 68 92 404 253 838
392 0 856 0 0 34 0 607 305 979 286
0 956 946 0 0 0 221 884 701 383 121
363 844 659 34 0 0 0 0 411 945 47
0 0 68 0 221 0 0 0 0 0 386
0 798 92 607 884 0 0 0 824 532 646
493 792 404 305 701 411 0 824 0 275 0
0 462 253 979 383 945 0 532 275 0 0
377 0 838 286 121 47 386 646 0 0 0
13
0 6 965 743 690 348 507 492 858 853 772 502 920
6 0 222 952 976 796 695 491 282 917 17 260 326
965 222 0 249 56 41 509 198 395 230 19 400 194
743 952 249 0 113 442 893 972 285 751 176 57 252
690 976 56 113 0 95 630 204 70 777 898 913 58
348 796 41 442 95 0 167 281 317 844 881 724 884
507 695 509 893 630 167 0 390 922 631 619 940 30
492 491 198 972 204 281 390 0 165 404 823 57 375
858 282 395 285 70 317 922 165 0 108 159 550 516
853 917 230 751 777 844 631 404 108 0 763 644 145
772 17 19 176 898 881 619 823 159 763 0 966 66
502 260 400 57 913 724 940 57 550 644 966 0 273
920 326 194 252 58 884 30 375 516 145 66 273 0
11
0 627 318 200 81 754 897 118 185 35 356
627 0 549 643 312 602 249 42 366 958 57
318 549 0 744 639 118 730 434 542 389 969
200 643 744 0 545 51 572 858 29 889 409
81 312 639 545 0 461 995 305 578 179 339
754 602 118 51 461 0 286 79 333 597 680
897 249 730 572 995 286 0 933 639 397 243
118 42 434 858 305 79 933 0 47 492 881
185 366 542 29 578 333 639 47 0 164 221
35 958 389 889 179 597 397 492 164 0 666
356 57 969 409 339 680 243 881 221 666 0
12
0 962 93 410 700 0 61 181 971 558 699 304
962 0 873 590 203 888 315 922 264 406 0 123
93 873 0 836 600 0 577 449 0 417 443 536
410 590 836 0 134 531 961 90 460 311 224 236
700 203 600 134 0 0 332 8 111 804 942 0
0 888 0 531 0 0 928 679 743 956 356 635
61 315 577 961 332 928 0 701 164 33 708 50
181 922 449 90 8 679 701 0 199 71 391 0
971 264 0 460 111 743 164 199 0 840 576 336
558 406 417 311 804 956 33 71 840 0 508 853
699 0 443 224 942 356 708 391 576 508 0 410
304 123 536 236 0 635 50 0 336 853 410 0
12
0 0 0 10 9 0 0 0 7 0 0 0
0 0 0 0 0 0 9 0 0 0 0 0
0 0 0 0 0 0 0 0 0 0 0 0
10 0 0 0 7 0 0 0 10 0 0 0
9 0 0 7 0 0 0 0 4 0 0 0
0 0 0 0 0 0 0 0 0 0 0 0
0 9 0 0 0 0 0 0 0 0 0 0
0 0 0 0 0 0 0 0 0 2 0 5
7 0 0 10 4 0 0 0 0 0 0 0
0 0 0 0 0 0 0 2 0 0 0 8
0 0 0 0 0 0 0 0 0 0 0 0
0 0 0 0 0 0 0 5 0 8 0 0
14
0 1 2 3 4 5 6 7 8 9 10 11 12 13
1 0 14 15 16 17 18 19 20 21 22 23 24 25
2 14 0 26 27 28 29 30 31 32 33 34 35 36
3 15 26 0 37 38 39 40 41 42 43 44 45 46
4 16 27 37 0 47 48 49 50 51 52 53 54 55
5 17 28 38 47 0 56 57 58 59 60 61 62 63
6 18 29 39 48 56 0 64 65 66 67 68 69 70
7 19 30 40 49 57 64 0 71 72 73 74 75 76
8 20 31 41 50 58 65 71 0 77 78 79 80 81
9 21 32 42 51 59 66 72 77 0 82 83 84 85
10 22 33 43 52 60 67 73 78 82 0 86 87 88
11 23 34 44 53 61 68 74 79 83 86 0 89 90
12 24 35 45 54 62 69 75 80 84 87 89 0 91
13 25 36 46 55 63 70 76 81 85 88 90 91 0
9
0 36 0 234 296 396 352 822 0
36 0 296 318 369 449 527 559 474
0 296 0 0 0 502 0 0 0
234 318 0 0 65 0 756 947 267
296 369 0 65 0 991 770 40 0
396 449 502 0 991 0 749 373 615
352 527 0 756 770 749 0 770 374
822 559 0 947 40 373 770 0 157
0 474 0 267 0 615 374 157 0
12
0 1 2 3 4 5 6 7 8 9 10 11
1 0 12 13 14 15 16 17 18 19 20 21
2 12 0 22 23 24 25 26 27 28 29 30
3 13 22 0 31 32 33 34 35 36 37 38
4 14 23 31 0 39 40 41 42 43 44 45
5 15 24 32 39 0 46 47 48 49 50 51
6 16 25 33 40 46 0 52 53 54 55 56
7 17 26 34 41 47 52 0 57 58 59 60
8 18 27 35 42 48 53 57 0 61 62 63
9 19 28 36 43 49 54 58 61 0 64 65
10 20 29 37 44 50 55 59 62 64 0 66
11 21 30 38 45 51 56 60 63 65 66 0
12
0 885 885 885 885 885 885 885 885 885 885 885
885 0 885 885 885 885 885 885 885 885 885 885
885 885 0 885 885 885 885 885 885 885 885 885
885 885 885 0 885 885 885 885 885 885 885 885
885 885 885 885 0 885 885 885 885 885 885 885
885 885 885 885 885 0 885 885 885 885 885 885
885 885 885 885 885 885 0 885 885 885 885 885
885 885 885 885 885 885 885 0 885 885 885 885
885 885 885 885 885 885 885 885 0 885 885 885
885 885 885 885 885 885 885 885 885 0 885 885
885 885 885 885 885 885 885 885 885 885 0 885
885 885 885 885 885 885 885 885 885 885 885 0
15
0 3 0 5 3 1 0 4 1 0 8 0 0 0 0
3 0 0 9 8 2 0 5 8 0 2 0 0 0 0
0 0 0 0 0 0 4 0 0 1 0 4 3 7 5
5 9 0 0 7 3 0 7 6 0 10 0 0 0 0
3 8 0 7 0 4 0 9 6 0 5 0 0 0 0
1 2 0 3 4 0 0 9 5 0 10 0 0 0 0
0 0 4 0 0 0 0 0 0 3 0 2 2 3 7
4 5 0 7 9 9 0 0 5 0 10 0 0 0 0
1 8 0 6 6 5 0 5 0 0 6 0 0 0 0
0 0 1 0 0 0 3 0 0 0 0 4 2 2 4
8 2 0 10 5 10 0 10 6 0 0 0 0 0 0
0 0 4 0 0 0 2 0 0 4 0 0 3 7 6
0 0 3 0 0 0 2 0 0 2 0 3 0 8 1
0 0 7 0 0 0 3 0 0 2 0 7 8 0 3
0 0 5 0 0 0 7 0 0 4 0 6 1 3 0
10
0 12 0 0 10 3 5 0 10 18
12 0 8 5 19 15 14 0 0 0
0 8 0 9 14 2 5 8 0 16
0 5 9 0 19 19 0 1 9 0
10 19 14 19 0 18 17 3 10 7
3 15 2 19 18 0 16 9 17 11
5 14 5 0 17 16 0 0 0 15
0 0 8 1 3 9 0 0 13 0
10 0 0 9 10 17 0 13 0 1
18 0 16 0 7 11 15 0 1 0
11
0 857 857 857 857 857 857 857 857 857 857
857 0 857 857 857 857 857 857 857 857 857
857 857 0 857 857 857 857 857 857 857 857
857 857 857 0 857 857 857 857 857 857 857
857 857 857 857 0 857 857 857 857 857 857
857 857 857 857 857 0 857 857 857 857 857
857 857 857 857 857 857 0 857 857 857 857
857 857 857 857 857 857 857 0 857 857 857
857 857 857 857 857 857 857 857 0 857 857
857 857 857 857 857 857 857 857 857 0 857
857 857 857 857 857 857 857 857 857 857 0
9
0 18 14 10 19 18 5 11 0
18 0 9 11 18 4 12 13 19
14 9 0 1 5 9 17 3 9
10 11 1 0 6 17 16 1 15
19 18 5 6 0 5 8 20 11
18 4 9 17 5 0 9 0 10
5 12 17 16 8 9 0 10 0
11 13 3 1 20 0 10 0 4
0 19 9 15 11 10 0 4 0
8
0 714 0 228 500 439 668 310
714 0 408 764 72 165 815 377
0 408 0 981 149 377 108 447
228 764 981 0 176 380 252 0
500 72 149 176 0 51 719 818
439 165 377 380 51 0 802 591
668 815 108 252 719 802 0 203
310 377 447 0 818 591 203 0
9
0 8 17 1 14 9 19 5 8
8 0 0 13 2 15 6 17 5
17 0 0 6 10 10 9 0 4
1 13 6 0 0 3 3 15 0
14 2 10 0 0 16 2 11 8
9 15 10 3 16 0 0 7 6
19 6 9 3 2 0 0 8 3
5 17 0 15 11 7 8 0 14
8 5 4 0 8 6 3 14 0
9
0 5 12 14 0 3 0 13 5
5 0 6 13 3 19 13 1 13
12 6 0 0 2 16 11 0 9
14 13 0 0 0 0 3 20 4
0 3 2 0 0 17 0 0 0
3 19 16 0 17 0 0 0 8
0 13 11 3 0 0 0 3 10
13 1 0 20 0 0 3 0 6
5 13 9 4 0 8 10 6 0
11
0 10 3 0 10 4 0 0 1 13 0
10 0 2 12 0 15 0 11 0 0 13
3 2 0 16 1 12 0 0 18 2 0
0 12 16 0 0 18 3 0 18 10 10
10 0 1 0 0 5 2 0 0 9 14
4 15 12 18 5 0 9 17 19 10 14
0 0 0 3 2 9 0 0 17 6 11
0 11 0 0 0 17 0 0 11 13 0
1 0 18 18 0 19 17 11 0 17 0
13 0 2 10 9 10 6 13 17 0 14
0 13 0 10 14 14 11 0 0 14 0
11
0 221 0 691 543 892 459 331 997 0 758
221 0 585 486 345 536 830 378 0 0 0
0 585 0 0 102 674 862 441 882 419 0
691 486 0 0 0 578 883 0 0 0 617
543 345 102 0 0 0 706 523 581 0 0
892 536 674 578 0 0 274 802 606 922 0
459 830 862 883 706 274 0 941 417 0 608
331 378 441 0 523 802 941 0 0 760 806
997 0 882 0 581 606 417 0 0 653 18
0 0 419 0 0 922 0 760 653 0 463
758 0 0 617 0 0 608 806 18 463 0
9
0 10 14 9 19 7 0 20 19
10 0 3 11 0 4 0 14 14
14 3 0 1 5 0 0 0 7
9 11 1 0 5 9 20 9 0
19 0 5 5 0 11 12 12 0
7 4 0 9 11 0 5 0 6
0 0 0 20 12 5 0 18 0
20 14 0 9 12 0 18 0 20
19 14 7 0 0 6 0 20 0
13
0 0 0 676 198 885 0 322 292 793 726 0 0
0 0 396 698 697 0 0 402 731 1000 22 855 841
0 396 0 0 829 496 0 23 211 594 310 56 0
676 698 0 0 0 407 139 126 123 491 303 394 0
198 697 829 0 0 155 0 807 272 170 279 135 0
885 0 496 407 155 0 311 320 564 458 0 77 263
0 0 0 139 0 311 0 0 0 133 796 0 0
322 402 23 126 807 320 0 0 224 104 108 227 553
292 731 211 123 272 564 0 224 0 222 548 0 0
793 1000 594 491 170 458 133 104 222 0 0 153 0
726 22 310 303 279 0 796 108 548 0 0 0 41
0 855 56 394 135 77 0 227 0 153 0 0 25
0 841 0 0 0 263 0 553 0 0 41 25 0
10
0 5 3 1 0 1 5 7 15 0
5 0 10 20 18 2 6 0 9 16
3 10 0 16 11 8 12 9 18 0
1 20 16 0 12 8 0 0 5 13
0 18 11 12 0 0 1 16 1 14
1 2 8 8 0 0 0 0 15 12
5 6 12 0 1 0 0 16 12 9
7 0 9 0 16 0 16 0 0 19
15 9 18 5 1 15 12 0 0 11
0 16 0 13 14 12 9 19 11 0
14
0 2 6 7 0 6 0 11 2 13 0 1 0 0
2 0 0 0 13 7 0 0 9 18 12 0 13 3
6 0 0 4 17 0 18 5 0 0 6 1 0 7
7 0 4 0 12 7 15 0 0 11 0 6 19 14
0 13 17 12 0 18 10 14 0 11 4 6 0 13
6 7 0 7 18 0 9 2 7 16 17 13 8 0
0 0 18 15 10 9 0 4 0 2 17 16 8 14
11 0 5 0 14 2 4 0 5 6 6 0 16 19
2 9 0 0 0 7 0 5 0 1 0 0 0 10
13 18 0 11 11 16 2 6 1 0 18 0 11 0
0 12 6 0 4 17 17 6 0 18 0 15 11 1
1 0 1 6 6 13 16 0 0 0 15 0 16 8
0 13 0 19 0 8 8 16 0 11 11 16 0 3
0 3 7 14 13 0 14 19 10 0 1 8 3 0
14
0 4 2 7 0 0 11 9 0 0 0 7 0 17
4 0 12 14 18 1 12 14 15 8 15 3 0 7
2 12 0 0 18 18 0 13 14 8 13 13 10 0
7 14 0 0 16 5 0 0 12 0 18 15 3 2
0 18 18 16 0 0 0 12 0 16 2 11 14 14
0 1 18 5 0 0 0 0 0 14 20 0 4 0
11 12 0 0 0 0 0 10 6 0 6 16 0 16
9 14 13 0 12 0 10 0 17 4 7 0 19 0
0 15 14 12 0 0 6 17 0 15 6 19 7 15
0 8 8 0 16 14 0 4 15 0 9 4 16 5
0 15 13 18 2 20 6 7 6 9 0 0 17 16
7 3 13 15 11 0 16 0 19 4 0 0 20 4
0 0 10 3 14 4 0 19 7 16 17 20 0 2
17 7 0 2 14 0 16 0 15 5 16 4 2 0
9
0 1 0 11 3 10 0 19 13
1 0 6 14 3 11 17 3 0
0 6 0 4 14 0 15 3 6
11 14 4 0 1 0 1 16 17
3 3 14 1 0 13 12 14 8
10 11 0 0 13 0 10 17 0
0 17 15 1 12 10 0 20 15
19 3 3 16 14 17 20 0 0
13 0 6 17 8 0 15 0 0
10
0 3 15 2 5 5 20 0 4 12
3 0 5 0 0 16 13 14 0 6
15 5 0 3 1 0 0 0 0 0
2 0 3 0 1 16 4 7 2 8
5 0 1 1 0 13 4 15 9 5
5 16 0 16 13 0 3 11 7 0
20 13 0 4 4 3 0 0 12 18
0 14 0 7 15 11 0 0 13 5
4 0 0 2 9 7 12 13 0 6
12 6 0 8 5 0 18 5 6 0
9
0 696 950 364 502 94 699 99 708
696 0 767 217 547 266 277 445 597
950 767 0 313 582 646 320 837 370
364 217 313 0 916 90 9 0 702
502 547 582 916 0 865 0 0 0
94 266 646 90 865 0 708 700 0
699 277 320 9 0 708 0 0 196
99 445 837 0 0 700 0 0 0
708 597 370 702 0 0 196 0 0
11
0 0 0 4 0 0 4 0 0 10 0
0 0 0 0 6 0 0 10 0 0 9
0 0 0 0 0 6 0 0 4 0 0
4 0 0 0 0 0 6 0 0 5 0
0 6 0 0 0 0 0 6 0 0 1
0 0 6 0 0 0 0 0 9 0 0
4 0 0 6 0 0 0 0 0 10 0
0 10 0 0 6 0 0 0 0 0 2
0 0 4 0 0 9 0 0 0 0 0
10 0 0 5 0 0 10 0 0 0 0
0 9 0 0 1 0 0 2 0 0 0
14
0 8 16 0 4 0 7 1 6 19 17 2 12 14
8 0 3 10 10 9 17 18 0 16 0 0 8 3
16 3 0 10 0 13 17 1 14 3 20 0 3 17
0 10 10 0 2 7 8 2 9 9 15 2 17 9
4 10 0 2 0 4 7 14 0 17 7 0 1 18
0 9 13 7 4 0 13 0 12 0 5 0 3 0
7 17 17 8 7 13 0 0 20 17 19 18 19 1
1 18 1 2 14 0 0 0 0 17 0 12 13 8
6 0 14 9 0 12 20 0 0 20 1 0 6 4
19 16 3 9 17 0 17 17 20 0 10 20 12 9
17 0 20 15 7 5 19 0 1 10 0 17 16 9
2 0 0 2 0 0 18 12 0 20 17 0 14 18
12 8 3 17 1 3 19 13 6 12 16 14 0 7
14 3 17 9 18 0 1 8 4 9 9 18 7 0
13
0 480 480 480 480 480 480 480 480 480 480 480 480
480 0 480 480 480 480 480 480 480 480 480 480 480
480 480 0 480 480 480 480 480 480 480 480 480 480
480 480 480 0 480 480 480 480 480 480 480 480 480
480 480 480 480 0 480 480 480 480 480 480 480 480
480 480 480 480 480 0 480 480 480 480 480 480 480
480 480 480 480 480 480 0 480 480 480 480 480 480
480 480 480 480 480 480 480 0 480 480 480 480 480
480 480 480 480 480 480 480 480 0 480 480 480 480
480 480 480 480 480 480 480 480 480 0 480 480 480
480 480 480 480 480 480 480 480 480 480 0 480 480
480 480 480 480 480 480 480 480 480 480 480 0 480
480 480 480 480 480 480 480 480 480 480 480 480 0
15
0 3 359 68 355 0 177 0 878 284 0 0 11 589 568
3 0 353 211 0 463 0 0 177 326 294 0 995 0 607
359 353 0 672 209 656 198 916 138 577 898 640 171 39 0
68 211 672 0 744 355 0 283 859 732 0 83 782 50 263
355 0 209 744 0 495 0 220 832 88 309 583 0 568 708
0 463 656 355 495 0 181 579 80 0 69 779 646 0 618
177 0 198 0 0 181 0 0 42 202 394 0 622 963 0
0 0 916 283 220 579 0 0 416 0 571 0 587 204 0
878 177 138 859 832 80 42 416 0 0 581 480 0 440 0
284 326 577 732 88 0 202 0 0 0 446 0 0 547 0
0 294 898 0 309 69 394 571 581 446 0 18 818 0 178
0 0 640 83 583 779 0 0 480 0 18 0 545 0 894
11 995 171 782 0 646 622 587 0 0 818 545 0 258 0
589 0 39 50 568 0 963 204 440 547 0 0 258 0 146
568 607 0 263 708 618 0 0 0 0 178 894 0 146 0
8
0 8 16 0 15 0 17 9
8 0 20 5 6 0 8 0
16 20 0 12 0 2 0 9
0 5 12 0 1 19 16 15
15 6 0 1 0 17 11 0
0 0 2 19 17 0 0 1
17 8 0 16 11 0 0 10
9 0 9 15 0 1 10 0
14
0 0 0 0 0 0 0 0 0 0 9 0 0 0
0 0 0 5 4 0 0 0 2 0 0 0 0 0
0 0 0 0 0 0 0 8 0 0 0 5 5 0
0 5 0 0 8 0 0 0 5 0 0 0 0 0
0 4 0 8 0 0 0 0 7 0 0 0 0 0
0 0 0 0 0 0 0 0 0 0 0 0 0 0
0 0 0 0 0 0 0 0 0 0 0 0 0 0
0 0 8 0 0 0 0 0 0 0 0 2 8 0
0 2 0 5 7 0 0 0 0 0 0 0 0 0
0 0 0 0 0 0 0 0 0 0 0 0 0 4
9 0 0 0 0 0 0 0 0 0 0 0 0 0
0 0 5 0 0 0 0 2 0 0 0 0 9 0
0 0 5 0 0 0 0 8 0 0 0 9 0 0
0 0 0 0 0 0 0 0 0 4 0 0 0 0
12
0 0 0 0 9 11 5 18 9 18 10 0
0 0 5 0 6 3 11 16 12 20 1 0
0 5 0 8 4 0 17 0 11 19 0 9
0 0 8 0 8 13 2 0 16 2 0 1
9 6 4 8 0 0 0 0 0 20 14 15
11 3 0 13 0 0 4 5 17 3 18 7
5 11 17 2 0 4 0 0 20 19 0 15
18 16 0 0 0 5 0 0 5 14 6 18
9 12 11 16 0 17 20 5 0 0 0 12
18 20 19 2 20 3 19 14 0 0 2 11
10 1 0 0 14 18 0 6 0 2 0 0
0 0 9 1 15 7 15 18 12 11 0 0
12
0 215 330 330 381 610 647 576 491 370 460 232
215 0 643 90 202 934 471 366 338 646 775 712
330 643 0 105 933 614 620 695 257 116 12 674
330 90 105 0 388 579 3 717 311 613 715 887
381 202 933 388 0 455 437 346 686 79 787 887
610 934 614 579 455 0 365 609 605 702 254 731
647 471 620 3 437 365 0 765 710 15 378 329
576 366 695 717 346 609 765 0 62 635 796 73
491 338 257 311 686 605 710 62 0 308 183 3
370 646 116 613 79 702 15 635 308 0 663 252
460 775 12 715 787 254 378 796 183 663 0 314
232 712 674 887 887 731 329 73 3 252 314 0
13
0 350 0 0 879 1 0 772 969 850 151 951 436
350 0 330 0 255 657 629 0 558 440 854 0 820
0 330 0 306 664 757 0 306 984 728 575 193 545
0 0 306 0 79 430 11 600 612 781 0 0 763
879 255 664 79 0 93 873 897 665 0 378 0 38
1 657 757 430 93 0 974 145 0 697 0 564 389
0 629 0 11 873 974 0 708 0 261 884 169 782
772 0 306 600 897 145 708 0 155 354 372 591 605
969 558 984 612 665 0 0 155 0 0 0 0 0
850 440 728 781 0 697 261 354 0 0 587 362 38
151 854 575 0 378 0 884 372 0 587 0 380 900
951 0 193 0 0 564 169 591 0 362 380 0 0
436 820 545 763 38 389 782 605 0 38 900 0 0
14
0 0 0 0 0 0 0 1 0 0 0 10 0 0
0 0 0 8 0 0 7 0 0 0 0 0 0 0
0 0 0 0 0 0 0 0 0 0 0 0 0 0
0 8 0 0 0 0 10 0 0 0 0 0 0 0
0 0 0 0 0 3 0 0 0 0 0 0 0 2
0 0 0 0 3 0 0 0 0 0 0 0 0 3
0 7 0 10 0 0 0 0 0 0 0 0 0 0
1 0 0 0 0 0 0 0 0 0 0 6 0 0
0 0 0 0 0 0 0 0 0 7 7 0 2 0
0 0 0 0 0 0 0 0 7 0 3 0 7 0
0 0 0 0 0 0 0 0 7 3 0 0 3 0
10 0 0 0 0 0 0 6 0 0 0 0 0 0
0 0 0 0 0 0 0 0 2 7 3 0 0 0
0 0 0 0 2 3 0 0 0 0 0 0 0 0
13
0 3 17 12 12 5 6 16 12 2 15 19 5
3 0 13 20 13 3 15 8 5 5 2 0 13
17 13 0 4 5 8 4 18 13 4 20 4 16
12 20 4 0 0 3 14 18 4 10 15 5 1
12 13 5 0 0 17 8 19 7 20 4 13 11
5 3 8 3 17 0 2 10 2 12 1 0 11
6 15 4 14 8 2 0 17 10 20 18 0 8
16 8 18 18 19 10 17 0 15 20 0 1 3
12 5 13 4 7 2 10 15 0 1 0 11 0
2 5 4 10 20 12 20 20 1 0 19 11 13
15 2 20 15 4 1 18 0 0 19 0 8 0
19 0 4 5 13 0 0 1 11 11 8 0 18
5 13 16 1 11 11 8 3 0 13 0 18 0
12
0 17 13 0 16 0 13 12 0 20 2 0
17 0 7 0 5 0 8 4 0 0 0 9
13 7 0 3 0 16 0 14 0 0 0 18
0 0 3 0 0 17 17 0 0 5 14 0
16 5 0 0 0 12 0 0 0 5 0 6
0 0 16 17 12 0 19 15 17 12 0 12
13 8 0 17 0 19 0 0 2 0 0 0
12 4 14 0 0 15 0 0 13 1 0 2
0 0 0 0 0 17 2 13 0 0 20 7
20 0 0 5 5 12 0 1 0 0 16 8
2 0 0 14 0 0 0 0 20 16 0 7
0 9 18 0 6 12 0 2 7 8 7 0
13
0 1 2 3 4 5 6 7 8 9 10 11 12
1 0 13 14 15 16 17 18 19 20 21 22 23
2 13 0 24 25 26 27 28 29 30 31 32 33
3 14 24 0 34 35 36 37 38 39 40 41 42
4 15 25 34 0 43 44 45 46 47 48 49 50
5 16 26 35 43 0 51 52 53 54 55 56 57
6 17 27 36 44 51 0 58 59 60 61 62 63
7 18 28 37 45 52 58 0 64 65 66 67 68
8 19 29 38 46 53 59 64 0 69 70 71 72
9 20 30 39 47 54 60 65 69 0 73 74 75
10 21 31 40 48 55 61 66 70 73 0 76 77
11 22 32 41 49 56 62 67 71 74 76 0 78
12 23 33 42 50 57 63 68 72 75 77 78 0
11
0 1 2 3 4 5 6 7 8 9 10
1 0 11 12 13 14 15 16 17 18 19
2 11 0 20 21 22 23 24 25 26 27
3 12 20 0 28 29 30 31 32 33 34
4 13 21 28 0 35 36 37 38 39 40
5 14 22 29 35 0 41 42 43 44 45
6 15 23 30 36 41 0 46 47 48 49
7 16 24 31 37 42 46 0 50 51 52
8 17 25 32 38 43 47 50 0 53 54
9 18 26 33 39 44 48 51 53 0 55
10 19 27 34 40 45 49 52 54 55 0
10
0 19 16 9 6 8 0 5 20 17
19 0 15 9 15 7 0 19 9 6
16 15 0 4 0 4 7 2 0 12
9 9 4 0 11 2 18 0 0 0
6 15 0 11 0 12 0 0 3 5
8 7 4 2 12 0 20 0 14 0
0 0 7 18 0 20 0 2 3 0
5 19 2 0 0 0 2 0 3 0
20 9 0 0 3 14 3 3 0 0
17 6 12 0 5 0 0 0 0 0
8
0 4 1 5 6 0 0 0
4 0 6 1 16 3 2 19
1 6 0 0 20 1 0 18
5 1 0 0 8 19 4 7
6 16 20 8 0 4 17 15
0 3 1 19 4 0 13 18
0 2 0 4 17 13 0 7
0 19 18 7 15 18 7 0
15
0 0 0 0 0 0 0 0 0 0 0 0 0 0 0
0 0 0 0 0 0 0 0 0 0 0 0 0 0 0
0 0 0 0 0 0 0 0 0 0 0 0 0 0 0
0 0 0 0 0 0 0 0 0 0 0 0 0 0 0
0 0 0 0 0 0 0 0 0 0 0 0 0 0 0
0 0 0 0 0 0 0 0 0 0 0 0 0 0 0
0 0 0 0 0 0 0 0 0 0 0 0 0 0 0
0 0 0 0 0 0 0 0 0 0 0 0 0 0 0
0 0 0 0 0 0 0 0 0 0 0 0 0 0 0
0 0 0 0 0 0 0 0 0 0 0 0 0 0 0
0 0 0 0 0 0 0 0 0 0 0 0 0 0 0
0 0 0 0 0 0 0 0 0 0 0 0 0 0 0
0 0 0 0 0 0 0 0 0 0 0 0 0 0 0
0 0 0 0 0 0 0 0 0 0 0 0 0 0 0
0 0 0 0 0 0 0 0 0 0 0 0 0 0 0
13
0 18 0 3 0 0 11 10 0 8 17 12 0
18 0 16 5 17 11 0 14 19 10 4 0 0
0 16 0 13 0 11 14 0 4 3 0 5 18
3 5 13 0 19 5 20 0 12 10 11 0 0
0 17 0 19 0 7 2 6 1 0 17 7 13
0 11 11 5 7 0 7 19 13 7 0 5 9
11 0 14 20 2 7 0 6 17 16 3 2 4
10 14 0 0 6 19 6 0 16 5 14 12 12
0 19 4 12 1 13 17 16 0 6 9 0 1
8 10 3 10 0 7 16 5 6 0 3 20 5
17 4 0 11 17 0 3 14 9 3 0 13 14
12 0 5 0 7 5 2 12 0 20 13 0 9
0 0 18 0 13 9 4 12 1 5 14 9 0
12
0 5 19 4 10 4 19 2 8 11 20 7
5 0 4 0 2 15 5 16 8 14 0 13
19 4 0 7 4 17 14 15 18 3 11 0
4 0 7 0 10 0 8 0 15 10 9 5
10 2 4 10 0 0 9 8 0 14 19 12
4 15 17 0 0 0 0 13 10 0 13 11
19 5 14 8 9 0 0 12 1 0 20 15
2 16 15 0 8 13 12 0 19 11 0 19
8 8 18 15 0 10 1 19 0 20 7 15
11 14 3 10 14 0 0 11 20 0 0 4
20 0 11 9 19 13 20 0 7 0 0 6
7 13 0 5 12 11 15 19 15 4 6 0
15
0 757 475 59 867 190 877 497 266 522 224 0 843 873 311
757 0 901 0 25 953 274 929 0 15 265 911 986 625 862
475 901 0 177 373 0 0 282 360 380 404 801 817 0 94
59 0 177 0 218 917 585 13 0 600 658 975 115 876 320
867 25 373 218 0 506 169 934 754 122 810 517 0 507 913
190 953 0 917 506 0 456 980 212 117 292 717 0 471 0
877 274 0 585 169 456 0 922 251 85 125 647 634 0 185
497 929 282 13 934 980 922 0 0 866 0 126 658 0 927
266 0 360 0 754 212 251 0 0 0 113 579 426 153 38
522 15 380 600 122 117 85 866 0 0 335 579 0 268 140
224 265 404 658 810 292 125 0 113 335 0 0 0 0 113
0 911 801 975 517 717 647 126 579 579 0 0 0 127 179
843 986 817 115 0 0 634 658 426 0 0 0 0 928 760
873 625 0 876 507 471 0 0 153 268 0 127 928 0 0
311 862 94 320 913 0 185 927 38 140 113 179 760 0 0
15
0 0 18 3 18 11 9 1 5 3 0 19 11 0 0
0 0 0 12 0 17 12 5 0 12 3 0 18 0 2
18 0 0 16 7 0 7 12 15 2 6 19 3 0 5
3 12 16 0 13 3 3 8 6 0 3 15 0 18 15
18 0 7 13 0 0 1 7 8 0 17 6 0 20 19
11 17 0 3 0 0 8 18 20 0 1 12 1 9 14
9 12 7 3 1 8 0 1 16 0 0 18 20 19 1
1 5 12 8 7 18 1 0 8 18 1 5 0 7 15
5 0 15 6 8 20 16 8 0 11 17 9 3 13 3
3 12 2 0 0 0 0 18 11 0 0 11 8 0 19
0 3 6 3 17 1 0 1 17 0 0 7 0 12 20
19 0 19 15 6 12 18 5 9 11 7 0 20 18 11
11 18 3 0 0 1 20 0 3 8 0 20 0 0 17
0 0 0 18 20 9 19 7 13 0 12 18 0 0 4
0 2 5 15 19 14 1 15 3 19 20 11 17 4 0
14
0 6 1 13 17 10 0 0 16 14 20 7 5 6
6 0 14 9 16 3 16 2 8 6 8 17 6 0
1 14 0 11 7 7 0 18 0 15 9 4 14 17
13 9 11 0 19 1 18 8 2 11 0 20 0 0
17 16 7 19 0 2 2 12 0 20 8 14 16 18
10 3 7 1 2 0 14 6 19 12 0 18 17 10
0 16 0 18 2 14 0 0 7 10 0 16 20 0
0 2 18 8 12 6 0 0 19 20 1 0 0 17
16 8 0 2 0 19 7 19 0 0 0 6 0 20
14 6 15 11 20 12 10 20 0 0 0 6 7 13
20 8 9 0 8 0 0 1 0 0 0 6 0 0
7 17 4 20 14 18 16 0 6 6 6 0 2 13
5 6 14 0 16 17 20 0 0 7 0 2 0 0
6 0 17 0 18 10 0 17 20 13 0 13 0 0
8
0 9 7 19 0 9 4 5
9 0 0 6 18 0 0 11
7 0 0 14 10 20 7 0
19 6 14 0 15 13 0 1
0 18 10 15 0 15 6 9
9 0 20 13 15 0 3 20
4 0 7 0 6 3 0 19
5 11 0 1 9 20 19 0
8
0 5 7 0 16 0 0 0
5 0 11 10 11 11 8 20
7 11 0 19 2 2 0 4
0 10 19 0 1 6 16 18
16 11 2 1 0 0 1 7
0 11 2 6 0 0 0 9
0 8 0 16 1 0 0 18
0 20 4 18 7 9 18 0
