100
4550 24
0.0 0.0 0.0 1.0
0.0 0.0 1.0 0.0
1.0 0.0 0.0 0.0
0.0 0.0 1.0 0.0
1.0 0.0 0.0 0.0
0.0 1.0 0.0 0.0
0.0 0.362998 0.120565 0.516437
1.0 0.0 0.0 0.0
0.194553 0.0 0.714743 0.090704
0.093291 0.435496 0.147188 0.324025
0.0 1.0 0.0 0.0
0.0 1.0 0.0 0.0
0.0 1.0 0.0 0.0
0.431787 0.568213 0.0 0.0
1.0 0.0 0.0 0.0
1.0 0.0 0.0 0.0
0.0 1.0 0.0 0.0
0.0 1.0 0.0 0.0
0.539707 0.097919 0.161127 0.201247
0.154455 0.751206 0.094339 0.0
0.0 1.0 0.0 0.0
0.540528 0.0 0.459472 0.0
0.0 1.0 0.0 0.0
0.0 0.0 1.0 0.0
9808 18
0.25 0.25 0.25 0.25
0.25 0.25 0.25 0.25
0.25 0.25 0.25 0.25
0.25 0.25 0.25 0.25
0.25 0.25 0.25 0.25
0.25 0.25 0.25 0.25
0.25 0.25 0.25 0.25
0.25 0.25 0.25 0.25
0.25 0.25 0.25 0.25
0.25 0.25 0.25 0.25
0.25 0.25 0.25 0.25
0.25 0.25 0.25 0.25
0.25 0.25 0.25 0.25
0.25 0.25 0.25 0.25
0.25 0.25 0.25 0.25
0.25 0.25 0.25 0.25
0.25 0.25 0.25 0.25
0.25 0.25 0.25 0.25
2605 22
0.0 0.0 0.996781 0.003219
0.0 1.0 0.0 0.0
0.157554 0.051593 0.160984 0.629869
1.0 0.0 0.0 0.0
0.0 1.0 0.0 0.0
0.0 0.136808 0.0 0.863192
0.0 1.0 0.0 0.0
0.0 0.0 1.0 0.0
0.0 0.0 1.0 0.0
0.006958 0.088511 0.374685 0.529846
0.0 0.0 0.0 1.0
0.0 0.0 0.0 1.0
0.0 0.0 0.0 1.0
0.0 0.0 0.0 1.0
0.0 0.0 0.0 1.0
0.0 0.0 1.0 0.0
0.0 0.0 1.0 0.0
0.548007 0.451993 0.0 0.0
0.489377 0.274541 0.032544 0.203538
1.0 0.0 0.0 0.0
0.0 0.0 0.962984 0.037016
1.0 0.0 0.0 0.0
2228 27
0.0 1.0 0.0 0.0
1.0 0.0 0.0 0.0
0.0 0.0 0.0 1.0
0.0 1.0 0.0 0.0
0.0 1.0 0.0 0.0
1.0 0.0 0.0 0.0
0.0 0.0 0.0 1.0
0.197249 0.435071 0.355524 0.012156
0.0 0.0 1.0 0.0
0.324543 0.081259 0.073121 0.521077
0.0 1.0 0.0 0.0
0.0 0.0 1.0 0.0
1.0 0.0 0.0 0.0
0.0 0.0 0.0 1.0
0.66502 0.0 0.0 0.33498
0.0 0.0 1.0 0.0
0.0 0.0 1.0 0.0
1.0 0.0 0.0 0.0
0.0 0.0 0.03958 0.96042
0.0 0.0 0.0 1.0
0.169708 0.034626 0.627925 0.167741
0.127446 0.552954 0.3196 0.0
0.0 0.0 1.0 0.0
0.346606 0.0 0.0 0.653394
0.0 0.0 1.0 0.0
1.0 0.0 0.0 0.0
0.0 0.0 1.0 0.0
4499 21
0.25 0.25 0.25 0.25
0.25 0.25 0.25 0.25
0.25 0.25 0.25 0.25
0.25 0.25 0.25 0.25
0.25 0.25 0.25 0.25
0.25 0.25 0.25 0.25
0.25 0.25 0.25 0.25
0.25 0.25 0.25 0.25
0.25 0.25 0.25 0.25
0.25 0.25 0.25 0.25
0.25 0.25 0.25 0.25
0.25 0.25 0.25 0.25
0.25 0.25 0.25 0.25
0.25 0.25 0.25 0.25
0.25 0.25 0.25 0.25
0.25 0.25 0.25 0.25
0.25 0.25 0.25 0.25
0.25 0.25 0.25 0.25
0.25 0.25 0.25 0.25
0.25 0.25 0.25 0.25
0.25 0.25 0.25 0.25
2 1
0.25 0.25 0.25 0.25
7180 9
0.0 0.835511 0.0 0.164489
0.0 0.0 1.0 0.0
0.0 0.611458 0.388542 0.0
0.454548 0.116083 0.0 0.429369
0.045924 0.361747 0.571912 0.020417
0.480893 0.251938 0.267169 0.0
0.247371 0.0 0.752629 0.0
0.143768 0.0 0.278399 0.577833
0.0 1.0 0.0 0.0
4119 21
0.25 0.25 0.25 0.25
0.25 0.25 0.25 0.25
0.25 0.25 0.25 0.25
0.25 0.25 0.25 0.25
0.25 0.25 0.25 0.25
0.25 0.25 0.25 0.25
0.25 0.25 0.25 0.25
0.25 0.25 0.25 0.25
0.25 0.25 0.25 0.25
0.25 0.25 0.25 0.25
0.25 0.25 0.25 0.25
0.25 0.25 0.25 0.25
0.25 0.25 0.25 0.25
0.25 0.25 0.25 0.25
0.25 0.25 0.25 0.25
0.25 0.25 0.25 0.25
0.25 0.25 0.25 0.25
0.25 0.25 0.25 0.25
0.25 0.25 0.25 0.25
0.25 0.25 0.25 0.25
0.25 0.25 0.25 0.25
9815 15
0.231243 0.286849 0.068826 0.413082
0.0 0.156763 0.843237 0.0
0.0 0.0 1.0 0.0
0.470786 0.529214 0.0 0.0
0.620138 0.36695 0.012912 0.0
0.0 0.90673 0.09327 0.0
0.0 1.0 0.0 0.0
1.0 0.0 0.0 0.0
0.0 0.283275 0.592091 0.124634
0.0 0.0 1.0 0.0
0.148985 0.276799 0.002853 0.571363
0.0 1.0 0.0 0.0
1.0 0.0 0.0 0.0
0.184114 0.0 0.361297 0.454589
0.0 1.0 0.0 0.0
454 18
0.25 0.25 0.25 0.25
0.25 0.25 0.25 0.25
0.25 0.25 0.25 0.25
0.25 0.25 0.25 0.25
0.25 0.25 0.25 0.25
0.25 0.25 0.25 0.25
0.25 0.25 0.25 0.25
0.25 0.25 0.25 0.25
0.25 0.25 0.25 0.25
0.25 0.25 0.25 0.25
0.25 0.25 0.25 0.25
0.25 0.25 0.25 0.25
0.25 0.25 0.25 0.25
0.25 0.25 0.25 0.25
0.25 0.25 0.25 0.25
0.25 0.25 0.25 0.25
0.25 0.25 0.25 0.25
0.25 0.25 0.25 0.25
696 28
0.25 0.25 0.25 0.25
0.25 0.25 0.25 0.25
0.25 0.25 0.25 0.25
0.25 0.25 0.25 0.25
0.25 0.25 0.25 0.25
0.25 0.25 0.25 0.25
0.25 0.25 0.25 0.25
0.25 0.25 0.25 0.25
0.25 0.25 0.25 0.25
0.25 0.25 0.25 0.25
0.25 0.25 0.25 0.25
0.25 0.25 0.25 0.25
0.25 0.25 0.25 0.25
0.25 0.25 0.25 0.25
0.25 0.25 0.25 0.25
0.25 0.25 0.25 0.25
0.25 0.25 0.25 0.25
0.25 0.25 0.25 0.25
0.25 0.25 0.25 0.25
0.25 0.25 0.25 0.25
0.25 0.25 0.25 0.25
0.25 0.25 0.25 0.25
0.25 0.25 0.25 0.25
0.25 0.25 0.25 0.25
0.25 0.25 0.25 0.25
0.25 0.25 0.25 0.25
0.25 0.25 0.25 0.25
0.25 0.25 0.25 0.25
7408 18
0.25 0.25 0.25 0.25
0.25 0.25 0.25 0.25
0.25 0.25 0.25 0.25
0.25 0.25 0.25 0.25
0.25 0.25 0.25 0.25
0.25 0.25 0.25 0.25
0.25 0.25 0.25 0.25
0.25 0.25 0.25 0.25
0.25 0.25 0.25 0.25
0.25 0.25 0.25 0.25
0.25 0.25 0.25 0.25
0.25 0.25 0.25 0.25
0.25 0.25 0.25 0.25
0.25 0.25 0.25 0.25
0.25 0.25 0.25 0.25
0.25 0.25 0.25 0.25
0.25 0.25 0.25 0.25
0.25 0.25 0.25 0.25
350 17
0.0 1.0 0.0 0.0
0.0 1.0 0.0 0.0
1.0 0.0 0.0 0.0
0.0 0.0 1.0 0.0
0.203542 0.184812 0.000301 0.611345
0.239315 0.429878 0.071446 0.259361
0.0 0.0 0.0 1.0
0.0 1.0 0.0 0.0
0.0 0.0 0.0 1.0
0.0 0.0 0.0 1.0
0.0 1.0 0.0 0.0
0.0 1.0 0.0 0.0
0.0 0.315172 0.130517 0.554311
1.0 0.0 0.0 0.0
0.147536 0.387463 0.348963 0.116038
0.0 1.0 0.0 0.0
0.0 0.0 0.0 1.0
820 5
0.25 0.25 0.25 0.25
0.25 0.25 0.25 0.25
0.25 0.25 0.25 0.25
0.25 0.25 0.25 0.25
0.25 0.25 0.25 0.25
1685 18
0.540331 0.0 0.0 0.459669
0.0 1.0 0.0 0.0
0.110718 0.493747 0.110515 0.28502
1.0 0.0 0.0 0.0
0.0 1.0 0.0 0.0
0.093305 0.0 0.0 0.906695
0.0 0.0 1.0 0.0
1.0 0.0 0.0 0.0
0.849519 0.0 0.150481 0.0
0.0 1.0 0.0 0.0
0.0 0.0 0.0 1.0
0.0 1.0 0.0 0.0
0.0 0.0 0.0 1.0
0.562806 0.0 0.0 0.437194
0.0 0.0 0.0 1.0
0.454505 0.179864 0.17166 0.193971
0.364575 0.0 0.599389 0.036036
1.0 0.0 0.0 0.0
1007 27
0.25 0.25 0.25 0.25
0.25 0.25 0.25 0.25
0.25 0.25 0.25 0.25
0.25 0.25 0.25 0.25
0.25 0.25 0.25 0.25
0.25 0.25 0.25 0.25
0.25 0.25 0.25 0.25
0.25 0.25 0.25 0.25
0.25 0.25 0.25 0.25
0.25 0.25 0.25 0.25
0.25 0.25 0.25 0.25
0.25 0.25 0.25 0.25
0.25 0.25 0.25 0.25
0.25 0.25 0.25 0.25
0.25 0.25 0.25 0.25
0.25 0.25 0.25 0.25
0.25 0.25 0.25 0.25
0.25 0.25 0.25 0.25
0.25 0.25 0.25 0.25
0.25 0.25 0.25 0.25
0.25 0.25 0.25 0.25
0.25 0.25 0.25 0.25
0.25 0.25 0.25 0.25
0.25 0.25 0.25 0.25
0.25 0.25 0.25 0.25
0.25 0.25 0.25 0.25
0.25 0.25 0.25 0.25
1420 6
0.101282 0.372671 0.144937 0.38111
1.0 0.0 0.0 0.0
0.139192 0.272575 0.189986 0.398247
0.0 0.0 1.0 0.0
0.010032 0.404881 0.585087 0.0
0.165084 0.0 0.091047 0.743869
9272 17
0.456835 0.529558 0.013607 0.0
0.85723 0.0 0.009914 0.132856
0.0 1.0 0.0 0.0
0.199657 0.526578 0.273765 0.0
0.0 0.0 1.0 0.0
0.35289 0.089464 0.236562 0.321084
1.0 0.0 0.0 0.0
0.0 0.0 1.0 0.0
0.0 1.0 0.0 0.0
0.327163 0.205859 0.0 0.466978
0.0 0.0 1.0 0.0
1.0 0.0 0.0 0.0
0.058648 0.695496 0.0 0.245856
0.213671 0.0 0.573914 0.212415
0.0 0.0 0.0 1.0
1.0 0.0 0.0 0.0
0.0 0.0 1.0 0.0
4711 25
0.25 0.25 0.25 0.25
0.25 0.25 0.25 0.25
0.25 0.25 0.25 0.25
0.25 0.25 0.25 0.25
0.25 0.25 0.25 0.25
0.25 0.25 0.25 0.25
0.25 0.25 0.25 0.25
0.25 0.25 0.25 0.25
0.25 0.25 0.25 0.25
0.25 0.25 0.25 0.25
0.25 0.25 0.25 0.25
0.25 0.25 0.25 0.25
0.25 0.25 0.25 0.25
0.25 0.25 0.25 0.25
0.25 0.25 0.25 0.25
0.25 0.25 0.25 0.25
0.25 0.25 0.25 0.25
0.25 0.25 0.25 0.25
0.25 0.25 0.25 0.25
0.25 0.25 0.25 0.25
0.25 0.25 0.25 0.25
0.25 0.25 0.25 0.25
0.25 0.25 0.25 0.25
0.25 0.25 0.25 0.25
0.25 0.25 0.25 0.25
5500 6
0.07139 0.38626 0.272558 0.269792
0.379878 0.347914 0.272208 0.0
0.0 0.0 1.0 0.0
0.0 0.0 0.660928 0.339072
0.402604 0.264522 0.063242 0.269632
0.340163 0.007144 0.457624 0.195069
2967 8
0.229201 0.134055 0.196637 0.440107
0.35479 0.283618 0.014134 0.347458
0.297558 0.538535 0.142481 0.021426
0.087608 0.641734 0.039534 0.231124
0.595618 0.192953 0.114958 0.096471
0.108373 0.14847 0.358659 0.384498
0.283305 0.007866 0.423461 0.285368
0.573317 0.012698 0.139684 0.274301
10000 10
0.163588 0.058688 0.542491 0.235233
0.273728 0.035973 0.301817 0.388482
0.240531 0.170716 0.321146 0.267607
0.211634 0.246129 0.021818 0.520419
0.055511 0.367072 0.542226 0.035191
0.151196 0.117303 0.425949 0.305552
0.005156 0.385627 0.387519 0.221698
0.423841 0.020889 0.19132 0.36395
0.266657 0.248646 0.418152 0.066545
0.267767 0.08618 0.252382 0.393671
10000 10
0.040381 0.88465 0.021992 0.052977
0.366625 0.082354 0.182556 0.368465
0.055128 0.692508 0.195202 0.057162
0.352859 0.162983 0.318545 0.165613
0.11256 0.152552 0.093005 0.641883
0.057704 0.407893 0.18957 0.344833
0.019294 0.113662 0.506624 0.36042
0.43984 0.006387 0.034577 0.519196
0.19125 0.677105 0.129281 0.002364
0.180742 0.40264 0.009732 0.406886
210 5
0.192497 0.039308 0.765634 0.002561
0.021872 0.536862 0.28979 0.151476
0.665959 0.141955 0.177363 0.014723
0.191894 0.015908 0.541388 0.25081
0.007269 0.112715 0.77791 0.102106
642 5
0.273164 0.318338 0.394551 0.013947
0.161429 0.21529 0.045544 0.577737
0.184691 0.097405 0.219274 0.49863
0.072261 0.063008 0.330106 0.534625
0.008161 0.483963 0.273574 0.234302
10000 14
0.12215 0.146779 0.422735 0.308336
0.098315 0.406242 0.092485 0.402958
0.662926 0.036437 0.063237 0.2374
0.182492 0.666794 0.02117 0.129544
0.671378 0.030239 0.032587 0.265796
0.136233 0.473424 0.021351 0.368992
0.022562 0.109916 0.080896 0.786626
0.006764 0.26333 0.098202 0.631704
0.235507 0.104058 0.5539 0.106535
0.061374 0.049184 0.788754 0.100688
0.24879 0.216216 0.380171 0.154823
0.294705 0.055026 0.378766 0.271503
0.630666 0.212763 0.05844 0.098131
0.210566 0.250951 0.253106 0.285377
10000 22
0.010976 0.235162 0.517913 0.235949
0.033545 0.273494 0.324484 0.368477
0.234575 0.182867 0.331727 0.250831
0.452821 0.43275 0.104386 0.010043
0.382619 0.407871 0.177552 0.031958
0.077206 0.199639 0.377035 0.34612
0.011591 0.292482 0.649246 0.046681
0.02998 0.937488 0.016317 0.016215
0.367759 0.172957 0.356223 0.103061
0.125006 0.284131 0.194273 0.39659
0.003681 0.45839 0.385996 0.151933
0.133585 0.130735 0.336402 0.399278
0.398039 0.124496 0.104905 0.37256
0.071957 0.049688 0.877151 0.001204
0.141147 0.584164 0.052948 0.221741
0.324622 0.472404 0.105081 0.097893
0.035602 0.304172 0.448982 0.211244
0.093859 0.122427 0.58364 0.200074
0.080062 0.253866 0.485557 0.180515
0.174968 0.038021 0.205069 0.581942
0.041359 0.660258 0.054398 0.243985
0.120016 0.575194 0.067158 0.237632
10000 12
0.386755 0.042389 0.093812 0.477044
0.038148 0.695702 0.162386 0.103764
0.058443 0.349387 0.507183 0.084987
0.306982 0.648201 0.018412 0.026405
0.181391 0.029465 0.530993 0.258151
0.099762 0.302417 0.241939 0.355882
0.034943 0.355749 0.463138 0.14617
0.043328 0.293634 0.042983 0.620055
0.580332 0.172057 0.045264 0.202347
0.05084 0.084421 0.081314 0.783425
0.091368 0.177692 0.557032 0.173908
0.112604 0.089196 0.683363 0.114837
134 4
0.250111 0.13961 0.422703 0.187576
0.052285 0.606515 0.128897 0.212303
0.216083 0.104471 0.325535 0.353911
0.368608 0.395071 0.150321 0.086
10000 26
0.589908 0.180498 0.181241 0.048353
0.452099 0.239437 0.1572 0.151264
0.033078 0.061126 0.040375 0.865421
0.073667 0.279211 0.586104 0.061018
0.604058 0.09644 0.042752 0.25675
0.110589 0.006606 0.155619 0.727186
0.493668 0.11268 0.077153 0.316499
0.281 0.323676 0.154276 0.241048
0.094895 0.283562 0.351019 0.270524
0.056579 0.276181 0.241984 0.425256
0.31518 0.214854 0.089909 0.380057
0.508399 0.076181 0.136132 0.279288
0.289782 0.166295 0.327695 0.216228
0.349652 0.481827 0.154001 0.01452
0.73427 0.047546 0.104655 0.113529
0.235117 0.35399 0.154807 0.256086
0.591494 0.006084 0.366588 0.035834
0.12615 0.512472 0.073098 0.28828
0.338826 0.223586 0.113602 0.323986
0.186507 0.412961 0.319917 0.080615
0.085519 0.408954 0.260894 0.244633
0.031823 0.564298 0.211781 0.192098
0.078497 0.679739 0.201165 0.040599
0.269928 0.560262 0.086703 0.083107
0.110561 0.165299 0.14516 0.57898
0.24813 0.133326 0.022751 0.595793
10000 16
0.2956 0.501707 0.06661 0.136083
0.691928 0.160181 0.048374 0.099517
0.561828 0.199628 0.151874 0.08667
0.13493 0.37774 0.029471 0.457859
0.09412 0.292845 0.16902 0.444015
0.064985 0.103415 0.561624 0.269976
0.043135 0.439452 0.00614 0.511273
0.463754 0.105922 0.139405 0.290919
0.215383 0.043565 0.117149 0.623903
0.042478 0.426333 0.230529 0.30066
0.027088 0.510526 0.050296 0.41209
0.492586 0.183515 0.235114 0.088785
0.065429 0.694216 0.224279 0.016076
0.332183 0.277518 0.221916 0.168383
0.444804 0.114202 0.061008 0.379986
0.134239 0.188219 0.255278 0.422264
10000 11
0.317823 0.017008 0.627332 0.037837
0.517806 0.151959 0.24636 0.083875
0.300402 0.290274 0.157918 0.251406
0.170469 0.261708 0.168243 0.39958
0.015446 0.089653 0.234874 0.660027
0.004609 0.187468 0.713709 0.094214
0.069188 0.054603 0.603786 0.272423
0.168596 0.204186 0.519077 0.108141
0.056838 0.003248 0.058162 0.881752
0.052216 0.485403 0.101236 0.361145
0.543331 0.436479 0.001777 0.018413
10000 29
0.405661 0.00952 0.392818 0.192001
0.388382 0.169355 0.364693 0.07757
0.5803 0.174378 0.197307 0.048015
0.145954 0.070988 0.705693 0.077365
0.249575 0.132706 0.090565 0.527154
0.095582 0.205083 0.686679 0.012656
0.157728 0.474311 0.282466 0.085495
0.002154 0.402184 0.344047 0.251615
0.243963 0.228281 0.51825 0.009506
0.046907 0.11087 0.761613 0.08061
0.046659 0.232107 0.155069 0.566165
0.081248 0.518695 0.207348 0.192709
0.030849 0.199055 0.622363 0.147733
0.038565 0.025869 0.648873 0.286693
0.114085 0.616992 0.15935 0.109573
0.256129 0.20951 0.013254 0.521107
0.02372 0.182902 0.699926 0.093452
0.335019 0.055239 0.594814 0.014928
0.054755 0.381615 0.443312 0.120318
0.185056 0.687458 0.049529 0.077957
0.360826 0.024559 0.474199 0.140416
0.320094 0.310794 0.081508 0.287604
0.262374 0.12949 0.233079 0.375057
0.200952 0.060114 0.697271 0.041663
0.42411 0.150635 0.404076 0.021179
0.098414 0.395896 0.279795 0.225895
0.372713 0.285057 0.095346 0.246884
0.397186 0.19709 0.38274 0.022984
0.14346 0.178455 0.312134 0.365951
10000 27
0.569942 0.165086 0.212596 0.052376
0.08534 0.499677 0.138132 0.276851
0.440964 0.090505 0.171951 0.29658
0.285561 0.542387 0.166648 0.005404
0.271983 0.035111 0.097572 0.595334
0.253073 0.284282 0.229129 0.233516
0.056597 0.168938 0.446609 0.327856
0.259165 0.048965 0.319383 0.372487
0.247971 0.031147 0.077248 0.643634
0.315285 0.452452 0.072908 0.159355
0.409534 0.400274 0.107124 0.083068
0.083009 0.449242 0.257232 0.210517
0.116865 0.5391 0.242156 0.101879
0.205984 0.266537 0.49093 0.036549
0.164968 0.478805 0.009703 0.346524
0.588207 0.136105 0.228644 0.047044
0.221653 0.267294 0.065401 0.445652
0.020223 0.657145 0.135846 0.186786
0.183596 0.245437 0.041195 0.529772
0.352397 0.201126 0.163144 0.283333
0.336004 0.154357 0.116178 0.393461
0.297418 0.147605 0.526243 0.028734
0.133345 0.055193 0.094463 0.716999
0.641352 0.104926 0.052962 0.20076
0.249049 0.026487 0.41444 0.310024
0.207665 0.398012 0.341603 0.05272
0.648669 0.021523 0.138499 0.191309
10000 30
0.242534 0.33935 0.290317 0.127799
0.208997 0.338362 0.391064 0.061577
0.516192 0.06556 0.299374 0.118874
0.121913 0.045729 0.729811 0.102547
0.016417 0.016709 0.767406 0.199468
0.558381 0.342229 0.071973 0.027417
0.22046 0.055018 0.718842 0.00568
0.202076 0.069249 0.415663 0.313012
0.441616 0.042712 0.397992 0.11768
0.159095 0.021296 0.269108 0.550501
0.030797 0.444387 0.256461 0.268355
0.235286 0.226024 0.040527 0.498163
0.017376 0.04689 0.926609 0.009125
0.148729 0.452358 0.266233 0.13268
0.017544 0.200408 0.67278 0.109268
0.269914 0.22205 0.273448 0.234588
0.314484 0.174276 0.232633 0.278607
0.184713 0.132996 0.333441 0.34885
0.068663 0.870997 0.038333 0.022007
0.382232 0.118868 0.145495 0.353405
0.428842 0.389948 0.030265 0.150945
0.123547 0.536417 0.167582 0.172454
0.451532 0.319196 0.011475 0.217797
0.306644 0.218114 0.142308 0.332934
0.095226 0.801435 0.009393 0.093946
0.313524 0.009263 0.047468 0.629745
0.484545 0.306336 0.166916 0.042203
0.208922 0.019741 0.434728 0.336609
0.690158 0.097734 0.076967 0.135141
0.172192 0.580072 0.076585 0.171151
10000 14
0.460688 0.338589 0.023455 0.177268
0.175075 0.333216 0.023278 0.468431
0.288843 0.313432 0.277746 0.119979
0.090171 0.12007 0.324039 0.46572
0.302499 0.324696 0.228303 0.144502
0.319703 0.028329 0.374409 0.277559
0.037547 0.461314 0.079827 0.421312
0.088465 0.692554 0.014631 0.20435
0.510553 0.197365 0.147327 0.144755
0.305752 0.326082 0.343975 0.024191
0.364677 0.065233 0.394371 0.175719
0.121916 0.618297 0.119047 0.14074
0.12899 0.478299 0.081061 0.31165
0.010552 0.011459 0.025762 0.952227
10000 12
0.013261 0.524894 0.233379 0.228466
0.209071 0.510871 0.074292 0.205766
0.275296 0.074194 0.286453 0.364057
0.057633 0.39052 0.446184 0.105663
0.312752 0.262414 0.390276 0.034558
0.097391 0.262885 0.189273 0.450451
0.547453 0.383776 0.060655 0.008116
0.303258 0.088914 0.277443 0.330385
0.546102 0.110128 0.041291 0.302479
0.310068 0.516939 0.055063 0.11793
0.057229 0.574111 0.332571 0.036089
0.230685 0.012278 0.723358 0.033679
10000 19
0.062124 0.289277 0.406165 0.242434
0.34503 0.128626 0.404178 0.122166
0.061406 0.615716 0.239524 0.083354
0.013195 0.550971 0.177284 0.25855
0.132082 0.653088 0.044356 0.170474
0.11923 0.137549 0.483296 0.259925
0.02005 0.319807 0.128257 0.531886
0.474568 0.044816 0.301451 0.179165
0.077197 0.237924 0.43671 0.248169
0.143096 0.465206 0.381948 0.00975
0.097447 0.114997 0.502334 0.285222
0.134583 0.72712 0.125722 0.012575
0.20218 0.029672 0.01438 0.753768
0.236212 0.227793 0.053475 0.48252
0.42192 0.057819 0.437761 0.0825
0.371157 0.107962 0.103314 0.417567
0.376971 0.070733 0.336343 0.215953
0.039699 0.644991 0.148166 0.167144
0.089121 0.806351 0.102141 0.002387
10000 22
0.381851 0.383418 0.097262 0.137469
0.310862 0.026533 0.360434 0.302171
0.125511 0.547082 0.009132 0.318275
0.427773 0.130518 0.016217 0.425492
0.17943 0.082926 0.044225 0.693419
0.211609 0.154111 0.174937 0.459343
0.797691 0.125186 0.015782 0.061341
0.414354 0.21464 0.004951 0.366055
0.079101 0.517692 0.183137 0.22007
0.059552 0.166684 0.167195 0.606569
0.098472 0.493054 0.096884 0.31159
0.549451 0.009128 0.121993 0.319428
0.034414 0.306785 0.490284 0.168517
0.076712 0.207331 0.106486 0.609471
0.01722 0.098951 0.552846 0.330983
0.072287 0.609914 0.017694 0.300105
0.257028 0.040636 0.569062 0.133274
0.101559 0.337633 0.419396 0.141412
0.41678 0.149636 0.01839 0.415194
0.039118 0.16809 0.556808 0.235984
0.481764 0.170253 0.030601 0.317382
0.038778 0.586539 0.045322 0.329361
2 3
0.073859 0.102505 0.790014 0.033622
0.05503 0.48893 0.440462 0.015578
0.099665 0.365775 0.512761 0.021799
6826 28
0.614689 0.074081 0.219971 0.091259
0.838774 0.090198 0.02299 0.048038
0.26579 0.301745 0.059615 0.37285
0.197557 0.624669 0.060686 0.117088
0.000191 0.476349 0.357919 0.165541
0.792651 0.06459 0.063041 0.079718
0.334003 0.116466 0.116721 0.43281
0.157054 0.474281 0.19893 0.169735
0.181911 0.067866 0.019328 0.730895
0.448498 0.457549 0.011152 0.082801
0.274681 0.533585 0.129291 0.062443
0.022152 0.332639 0.623462 0.021747
0.052221 0.084667 0.406965 0.456147
0.453947 0.341865 0.156999 0.047189
0.239719 0.613496 0.08097 0.065815
0.343781 0.106765 0.010259 0.539195
0.115459 0.092007 0.507114 0.28542
0.049872 0.848284 0.00117 0.100674
0.041007 0.222032 0.479408 0.257553
0.011421 0.734319 0.189027 0.065233
0.545042 0.156289 0.07456 0.224109
0.712263 0.179365 0.098971 0.009401
0.401592 0.257092 0.274644 0.066672
0.531913 0.24818 0.122959 0.096948
0.069183 0.092903 0.793686 0.044228
0.619206 0.014306 0.301712 0.064776
0.158715 0.204763 0.033966 0.602556
0.405672 0.235595 0.277835 0.080898
10000 13
0.23146 0.015688 0.260803 0.492049
0.470703 0.200747 0.217971 0.110579
0.267807 0.128545 0.521469 0.082179
0.200583 0.006633 0.274409 0.518375
0.323724 0.306681 0.05297 0.316625
0.180915 0.01944 0.459229 0.340416
0.053585 0.130583 0.800841 0.014991
0.313153 0.035963 0.634095 0.016789
0.075161 0.19192 0.326294 0.406625
0.299499 0.314842 0.366772 0.018887
0.077761 0.320915 0.41464 0.186684
0.08354 0.54351 0.348696 0.024254
0.535394 0.422258 0.039671 0.002677
10000 10
0.092514 0.111223 0.078294 0.717969
0.142174 0.186641 0.282235 0.38895
0.295231 0.32688 0.119292 0.258597
0.265173 0.233777 0.456964 0.044086
0.243645 0.139501 0.208211 0.408643
0.735339 0.165069 0.034992 0.0646
0.107102 0.800441 0.08981 0.002647
0.059399 0.187098 0.30746 0.446043
0.216978 0.32991 0.161389 0.291723
0.262385 0.603307 0.109104 0.025204
2615 6
0.143184 0.510547 0.167558 0.178711
0.250882 0.438891 0.302564 0.007663
0.450923 0.134338 0.390137 0.024602
0.042075 0.610924 0.112626 0.234375
0.051355 0.165966 0.160424 0.622255
0.352887 0.246012 0.135994 0.265107
10000 24
0.064727 0.447373 0.392577 0.095323
0.021471 0.219124 0.161835 0.59757
0.185966 0.309477 0.326372 0.178185
0.297136 0.2646 0.423878 0.014386
0.146356 0.261543 0.200264 0.391837
0.527889 0.004609 0.263869 0.203633
0.251061 0.664179 0.032136 0.052624
0.181377 0.193008 0.495177 0.130438
0.293376 0.064714 0.052626 0.589284
0.197755 0.199769 0.440481 0.161995
0.251739 0.179072 0.095159 0.47403
0.528198 0.381557 0.089264 0.000981
0.354344 0.035372 0.170585 0.439699
0.013046 0.015828 0.665768 0.305358
0.075529 0.41373 0.170094 0.340647
0.480546 0.149789 0.146042 0.223623
0.398973 0.093264 0.228746 0.279017
0.062381 0.690587 0.083536 0.163496
0.57096 0.204143 0.126182 0.098715
0.046715 0.134686 0.00399 0.814609
0.493571 0.220201 0.141547 0.144681
0.197882 0.126856 0.095472 0.57979
0.262205 0.12709 0.320575 0.29013
0.096055 0.026692 0.695443 0.18181
10000 18
0.188568 0.341627 0.035321 0.434484
0.151684 0.087973 0.629377 0.130966
0.650921 0.124951 0.151923 0.072205
0.044975 0.175644 0.65792 0.121461
0.591247 0.367638 0.009762 0.031353
0.072075 0.242433 0.51729 0.168202
0.216566 0.191691 0.474351 0.117392
0.011212 0.770463 0.064746 0.153579
0.000819 0.569225 0.415636 0.01432
0.392421 0.136703 0.290434 0.180442
0.024092 0.424202 0.362011 0.189695
0.585905 0.041803 0.078761 0.293531
0.40366 0.045061 0.372763 0.178516
0.191468 0.129519 0.045469 0.633544
0.11119 0.075357 0.226234 0.587219
0.132061 0.75627 0.093394 0.018275
0.072266 0.201162 0.337683 0.388889
0.253086 0.51166 0.101669 0.133585
10000 23
0.259055 0.118953 0.086308 0.535684
0.015671 0.037063 0.894226 0.05304
0.424647 0.098185 0.163583 0.313585
0.068441 0.00383 0.729658 0.198071
0.11057 0.822024 0.050616 0.01679
0.065657 0.346 0.46316 0.125183
0.848934 0.001375 0.113532 0.036159
0.184295 0.282245 0.025177 0.508283
0.241047 0.106318 0.131801 0.520834
0.251948 0.079632 0.292737 0.375683
0.39572 0.348531 0.088081 0.167668
0.493856 0.162384 0.250033 0.093727
0.295966 0.11302 0.318026 0.272988
0.357911 0.192795 0.122516 0.326778
0.225995 0.311757 0.221348 0.2409
0.019363 0.197574 0.43457 0.348493
0.29332 0.005424 0.01703 0.684226
0.751603 0.005709 0.113615 0.129073
0.233911 0.294343 0.209365 0.262381
0.198537 0.384832 0.303259 0.113372
0.146201 0.402799 0.196516 0.254484
0.48623 0.087593 0.167179 0.258998
0.133387 0.220162 0.569035 0.077416
10000 20
0.375549 0.384066 0.049974 0.190411
0.293181 0.101898 0.356851 0.24807
0.223131 0.039545 0.557179 0.180145
0.323057 0.386886 0.20402 0.086037
0.012052 0.650435 0.079648 0.257865
0.165834 0.018726 0.811756 0.003684
0.146892 0.204265 0.11388 0.534963
0.510668 0.260972 0.105366 0.122994
0.03119 0.391477 0.079358 0.497975
0.47221 0.040972 0.26399 0.222828
0.125444 0.140912 0.610176 0.123468
0.375108 0.415856 0.050853 0.158183
0.275083 0.125662 0.590938 0.008317
0.405667 0.083211 0.263617 0.247505
0.018551 0.048958 0.26419 0.668301
0.185616 0.061674 0.746115 0.006595
0.679805 0.118737 0.192771 0.008687
0.159756 0.430133 0.178238 0.231873
0.397751 0.266934 0.257695 0.07762
0.149098 0.412789 0.140275 0.297838
6747 5
0.276904 0.206997 0.158991 0.357108
0.232467 0.07648 0.666931 0.024122
0.35541 0.299566 0.269662 0.075362
0.538446 0.155792 0.101111 0.204651
0.182425 0.142598 0.024544 0.650433
10000 12
0.59072 0.016332 0.111297 0.281651
0.460367 0.361632 0.164063 0.013938
0.077838 0.024137 0.245124 0.652901
0.791081 0.012833 0.003853 0.192233
0.47296 0.001014 0.18392 0.342106
0.541306 0.002964 0.315714 0.140016
0.02148 0.194543 0.15823 0.625747
0.118236 0.254849 0.263815 0.3631
0.371418 0.177934 0.32412 0.126528
0.161908 0.191433 0.353285 0.293374
0.604607 0.207536 0.142273 0.045584
0.191401 0.267801 0.137968 0.40283
10000 9
0.380306 0.570845 0.009111 0.039738
0.542936 0.033441 0.276177 0.147446
0.651722 0.032258 0.148394 0.167626
0.42563 0.29689 0.240041 0.037439
0.014079 0.011854 0.434926 0.539141
0.36226 0.0054 0.058347 0.573993
0.059432 0.530997 0.190565 0.219006
0.169171 0.250132 0.09833 0.482367
0.063021 0.162041 0.197969 0.576969
544 27
0.051576 0.117346 0.507356 0.323722
0.274135 0.300379 0.278052 0.147434
0.422003 0.029442 0.158758 0.389797
0.093124 0.190459 0.328777 0.38764
0.074453 0.262921 0.639281 0.023345
0.162995 0.358538 0.436595 0.041872
0.389948 0.248317 0.22669 0.135045
0.154073 0.195446 0.300784 0.349697
0.013178 0.11451 0.198379 0.673933
0.101506 0.686924 0.176445 0.035125
0.370489 0.219593 0.055089 0.354829
0.691146 0.017664 0.204346 0.086844
0.47376 0.28552 0.235587 0.005133
0.197096 0.28498 0.4437 0.074224
0.05941 0.083618 0.352623 0.504349
0.110959 0.538008 0.112752 0.238281
0.083756 0.343486 0.439129 0.133629
0.366322 0.228409 0.163334 0.241935
0.367077 0.208791 0.163648 0.260484
0.12535 0.274416 0.376275 0.223959
0.227609 0.424137 0.000166 0.348088
0.220086 0.166004 0.503376 0.110534
0.442589 0.202754 0.018939 0.335718
0.341506 0.023831 0.313719 0.320944
0.58362 0.298847 0.115429 0.002104
0.696961 0.097712 0.028593 0.176734
0.555762 0.114077 0.120569 0.209592
10000 25
0.058203 0.369114 0.24527 0.327413
0.099798 0.562756 0.140157 0.197289
0.282631 0.452642 0.233722 0.031005
0.602233 0.244739 0.03862 0.114408
0.246128 0.211231 0.135578 0.407063
0.229092 0.160904 0.005783 0.604221
0.37927 0.441087 0.008313 0.17133
0.379345 0.182233 0.112235 0.326187
0.310954 0.161952 0.196296 0.330798
0.61019 0.120963 0.133382 0.135465
0.232285 0.701752 0.037034 0.028929
0.13293 0.233577 0.201335 0.432158
0.014701 0.64737 0.205494 0.132435
0.358697 0.120121 0.398558 0.122624
0.479337 0.251331 0.068116 0.201216
0.248842 0.250582 0.244328 0.256248
0.46949 0.337355 0.019236 0.173919
0.158349 0.134418 0.341751 0.365482
0.286359 0.51831 0.122263 0.073068
0.089291 0.451849 0.205749 0.253111
0.205495 0.015626 0.290028 0.488851
0.095623 0.261594 0.070254 0.572529
0.531242 0.2299 0.138041 0.100817
0.09229 0.668432 0.07029 0.168988
0.011246 0.528887 0.172895 0.286972
10000 17
0.042406 0.533753 0.075828 0.348013
0.177577 0.020242 0.705956 0.096225
0.006885 0.398069 0.340425 0.254621
0.344431 0.087032 0.17572 0.392817
0.128843 0.156201 0.52388 0.191076
0.11051 0.280263 0.421919 0.187308
0.017942 0.46358 0.445711 0.072767
0.209917 0.147955 0.178466 0.463662
0.492997 0.227904 0.103559 0.17554
0.273484 0.034279 0.114005 0.578232
0.199803 0.035426 0.079555 0.685216
0.15368 0.230398 0.309197 0.306725
0.443964 0.011748 0.506386 0.037902
0.138533 0.213421 0.523925 0.124121
0.101409 0.30645 0.34902 0.243121
0.113754 0.11892 0.458195 0.309131
0.290758 0.074979 0.392693 0.24157
10000 24
0.107958 0.293647 0.153744 0.444651
0.254519 0.163051 0.189319 0.393111
0.059393 0.638301 0.223853 0.078453
0.442105 0.082218 0.334308 0.141369
0.672805 0.026684 0.194597 0.105914
0.097567 0.103 0.310577 0.488856
0.21309 0.598565 0.010369 0.177976
0.368069 0.502953 0.06636 0.062618
0.250444 0.090359 0.37909 0.280107
0.384333 0.163766 0.188185 0.263716
0.480419 0.002646 0.209597 0.307338
0.151902 0.69579 0.101809 0.050499
0.220892 0.096632 0.50355 0.178926
0.010826 0.298525 0.407271 0.283378
0.061315 0.462522 0.39251 0.083653
0.082511 0.048413 0.460139 0.408937
0.316424 0.096403 0.114327 0.472846
0.046714 0.102613 0.686166 0.164507
0.407463 0.204497 0.08235 0.30569
0.446488 0.225982 0.125424 0.202106
0.217716 0.104711 0.364253 0.31332
0.682079 0.001255 0.033037 0.283629
0.103363 0.374365 0.225825 0.296447
0.723181 0.034859 0.092549 0.149411
10000 20
0.061163 0.819996 0.013169 0.105672
0.122444 0.067718 0.101446 0.708392
0.447514 0.098361 0.34813 0.105995
0.186095 0.105689 0.128403 0.579813
0.344236 0.038161 0.601703 0.0159
0.041767 0.361798 0.484287 0.112148
0.36223 0.009198 0.522862 0.10571
0.258856 0.260083 0.280806 0.200255
0.565341 0.202873 0.137669 0.094117
0.413999 0.483054 0.048402 0.054545
0.313503 0.027242 0.256606 0.402649
0.10277 0.348927 0.359456 0.188847
0.305909 0.328742 0.101794 0.263555
0.142008 0.041881 0.099343 0.716768
0.082669 0.003507 0.71329 0.200534
0.195381 0.239162 0.529726 0.035731
0.127991 0.333693 0.009815 0.528501
0.219585 0.003469 0.33478 0.442166
0.046399 0.410018 0.082239 0.461344
0.101182 0.05377 0.494419 0.350629
10000 8
0.5279 0.21152 0.192446 0.068134
0.199039 0.488509 0.083811 0.228641
0.382895 0.010417 0.349485 0.257203
0.183947 0.315029 0.216452 0.284572
0.308386 0.098593 0.420814 0.172207
0.254201 0.042823 0.099647 0.603329
0.177683 0.182871 0.306996 0.33245
0.015381 0.1743 0.332623 0.477696
10000 10
0.074388 0.396556 0.027868 0.501188
0.107713 0.16404 0.205164 0.523083
0.405828 0.106171 0.4759 0.012101
0.362444 0.005409 0.250664 0.381483
0.131636 0.165938 0.511521 0.190905
0.135745 0.829191 0.030906 0.004158
0.256136 0.240243 0.054875 0.448746
0.01951 0.003201 0.151211 0.826078
0.231462 0.388452 0.072102 0.307984
0.286996 0.362521 0.152562 0.197921
4883 10
0.065674 0.036688 0.55212 0.345518
0.019863 0.015064 0.296913 0.66816
0.089077 0.293026 0.145272 0.472625
0.413766 0.216187 0.076462 0.293585
0.176367 0.021556 0.729932 0.072145
0.570724 0.262125 0.033616 0.133535
0.053472 0.379858 0.031887 0.534783
0.075484 0.394961 0.011357 0.518198
0.021749 0.639685 0.318496 0.02007
0.047048 0.400731 0.305293 0.246928
3 3
0.125605 0.09857 0.333399 0.442426
0.194866 0.258573 0.278225 0.268336
0.652761 0.166539 0.114884 0.065816
4 1
0.006294 0.205562 0.495666 0.292478
10000 22
0.598647 0.289115 0.041182 0.071056
0.322703 0.165224 0.415943 0.09613
0.138912 0.097411 0.537476 0.226201
0.758709 0.178784 0.044086 0.018421
0.060137 0.389133 0.078121 0.472609
0.003006 0.791068 0.166185 0.039741
0.067974 0.61559 0.005021 0.311415
0.384948 0.360318 0.218545 0.036189
0.143016 0.118521 0.388411 0.350052
0.615116 0.099372 0.074853 0.210659
0.327504 0.547154 0.01957 0.105772
0.150379 0.149537 0.622032 0.078052
0.369331 0.041069 0.351673 0.237927
0.567258 0.075959 0.189727 0.167056
0.55773 0.193023 0.233672 0.015575
0.403572 0.012288 0.374672 0.209468
0.068383 0.116827 0.081725 0.733065
0.004036 0.657295 0.092728 0.245941
0.054537 0.402964 0.378307 0.164192
0.00833 0.121321 0.19146 0.678889
0.428707 0.115578 0.019781 0.435934
0.187368 0.417277 0.061673 0.333682
10000 29
0.050401 0.321142 0.029915 0.598542
0.016475 0.089426 0.772153 0.121946
0.04782 0.159206 0.426962 0.366012
0.23924 0.452578 0.0935 0.214682
0.407653 0.101972 0.123073 0.367302
0.057804 0.105652 0.806369 0.030175
0.166469 0.422884 0.02491 0.385737
0.552482 0.090425 0.082567 0.274526
0.355298 0.232653 0.208057 0.203992
0.064146 0.58526 0.104378 0.246216
0.09363 0.327176 0.265372 0.313822
0.09306 0.190356 0.538643 0.177941
0.676071 0.14409 0.176581 0.003258
0.030128 0.292787 0.55777 0.119315
0.182409 0.266476 0.112314 0.438801
0.172078 0.354962 0.066957 0.406003
0.841756 0.01881 0.088763 0.050671
0.123619 0.716824 0.108552 0.051005
0.594796 0.061633 0.21407 0.129501
0.067779 0.694921 0.164444 0.072856
0.260708 0.003789 0.066371 0.669132
0.138956 0.069388 0.416455 0.375201
0.365113 0.068009 0.345211 0.221667
0.607888 0.042213 0.343912 0.005987
0.270303 0.03481 0.457582 0.237305
0.332192 0.05977 0.566354 0.041684
0.066471 0.265107 0.048395 0.620027
0.33571 0.273708 0.057034 0.333548
0.262997 0.43181 0.024281 0.280912
10000 19
0.077735 0.795725 0.060402 0.066138
0.267164 0.304788 0.130116 0.297932
0.197915 0.311009 0.250795 0.240281
0.023792 0.378297 0.065826 0.532085
0.200728 0.51192 0.161148 0.126204
0.39654 0.104029 0.365828 0.133603
0.09266 0.203779 0.231205 0.472356
0.25886 0.538119 0.032784 0.170237
0.090186 0.266063 0.082953 0.560798
0.55914 0.025633 0.310184 0.105043
0.221805 0.128787 0.410096 0.239312
0.462342 0.38312 0.109935 0.044603
0.532758 0.063519 0.048602 0.355121
0.464881 0.091314 0.246917 0.196888
0.241106 0.164338 0.22292 0.371636
0.089692 0.011982 0.223118 0.675208
0.028781 0.157425 0.619315 0.194479
0.0515 0.333057 0.190726 0.424717
0.345418 0.183803 0.116993 0.353786
10000 10
0.039121 0.057916 0.478879 0.424084
0.162513 0.047824 0.074661 0.715002
0.017032 0.304608 0.393384 0.284976
0.349172 0.516898 0.006511 0.127419
0.431912 0.290649 0.128637 0.148802
0.04751 0.06175 0.873708 0.017032
0.564133 0.128479 0.053185 0.254203
0.034396 0.403332 0.035288 0.526984
0.235557 0.014243 0.230058 0.520142
0.309919 0.569795 0.074879 0.045407
10000 17
0.369414 0.407904 0.154024 0.068658
0.169771 0.166061 0.595877 0.068291
0.03287 0.633933 0.022047 0.31115
0.552667 0.147366 0.222472 0.077495
0.351799 0.1396 0.25483 0.253771
0.244749 0.479718 0.024863 0.25067
0.071739 0.583945 0.08598 0.258336
0.055777 0.6514 0.153975 0.138848
0.172856 0.301197 0.129603 0.396344
0.013947 0.154139 0.548984 0.28293
0.07441 0.073308 0.621364 0.230918
0.027596 0.049017 0.384457 0.53893
0.064039 0.424518 0.117384 0.394059
0.079469 0.440365 0.076629 0.403537
0.066529 0.105376 0.415012 0.413083
0.095049 0.101094 0.432611 0.371246
0.668364 0.146957 0.152789 0.03189
2 1
0.129904 0.524374 0.147329 0.198393
25 3
0.184743 0.015721 0.382505 0.417031
0.425694 0.185239 0.040937 0.34813
0.074898 0.173099 0.110449 0.641554
10000 10
0.431959 0.213367 0.144466 0.210208
0.209979 0.32246 0.294235 0.173326
0.06911 0.558575 0.067169 0.305146
0.583124 0.160715 0.216226 0.039935
0.244256 0.19881 0.367337 0.189597
0.417191 0.058992 0.127403 0.396414
0.44849 0.081882 0.18466 0.284968
0.091692 0.229765 0.267889 0.410654
0.208717 0.333985 0.071515 0.385783
0.291987 0.171593 0.221603 0.314817
9 2
0.182047 0.360762 0.058227 0.398964
0.192441 0.289729 0.426254 0.091576
10000 14
0.325249 0.307304 0.220489 0.146958
0.459275 0.280091 0.103565 0.157069
0.046448 0.578223 0.341708 0.033621
0.053754 0.274941 0.379164 0.292141
0.354992 0.260483 0.341324 0.043201
0.1509 0.304206 0.196179 0.348715
0.705969 0.033166 0.104801 0.156064
0.518736 0.156492 0.28014 0.044632
0.015986 0.508961 0.044547 0.430506
0.303143 0.024605 0.387429 0.284823
0.252812 0.370806 0.214491 0.161891
0.256228 0.124873 0.001908 0.616991
0.051068 0.153162 0.245099 0.550671
0.360304 0.015337 0.441095 0.183264
10000 12
0.253394 0.027669 0.070292 0.648645
0.25304 0.075306 0.107972 0.563682
0.090522 0.387106 0.13909 0.383282
0.118703 0.333827 0.187774 0.359696
0.64282 0.219981 0.016274 0.120925
0.569733 0.004638 0.297242 0.128387
0.299085 0.143612 0.049532 0.507771
0.740053 0.054631 0.186516 0.0188
0.259595 0.218617 0.299432 0.222356
0.373869 0.48593 0.061733 0.078468
0.036892 0.329553 0.439233 0.194322
0.098599 0.150162 0.545426 0.205813
629 12
0.173791 0.297387 0.032096 0.496726
0.467216 0.17598 0.082136 0.274668
0.424296 0.073558 0.337718 0.164428
0.031893 0.362483 0.370054 0.23557
0.035974 0.231511 0.665319 0.067196
0.098262 0.396986 0.125692 0.37906
0.007567 0.236421 0.553228 0.202784
0.379123 0.530366 0.042135 0.048376
0.024803 0.014417 0.064968 0.895812
0.562382 0.225223 0.183607 0.028788
0.411656 0.050078 0.481114 0.057152
0.156067 0.471828 0.259687 0.112418
10000 15
0.354701 0.574954 0.002282 0.068063
0.136624 0.463352 0.191871 0.208153
0.016054 0.217218 0.36134 0.405388
0.330227 0.026403 0.575977 0.067393
0.330854 0.099695 0.547628 0.021823
0.106307 0.414267 0.176383 0.303043
0.89065 0.001963 0.06011 0.047277
0.595643 0.119751 0.161133 0.123473
0.014911 0.197938 0.513831 0.27332
0.196014 0.285514 0.017538 0.500934
0.152035 0.004246 0.274574 0.569145
0.123139 0.599884 0.101323 0.175654
0.401451 0.310437 0.131276 0.156836
0.339368 0.449728 0.149999 0.060905
0.1819 0.224184 0.475575 0.118341
10000 30
0.54205 0.010755 0.164838 0.282357
0.000282 0.065372 0.539851 0.394495
0.008335 0.414269 0.419816 0.15758
0.176517 0.171407 0.432708 0.219368
0.290007 0.144458 0.307771 0.257764
0.047972 0.329956 0.241949 0.380123
0.224245 0.478632 0.001813 0.29531
0.421109 0.326241 0.226649 0.026001
0.077695 0.108765 0.107445 0.706095
0.308968 0.222534 0.362197 0.106301
0.129475 0.255839 0.154628 0.460058
0.208502 0.393792 0.040865 0.356841
0.009731 0.094487 0.47638 0.419402
0.110621 0.673755 0.095507 0.120117
0.472458 0.21253 0.059366 0.255646
0.558001 0.213366 0.081076 0.147557
0.096919 0.525662 0.055485 0.321934
0.577198 0.108888 0.213352 0.100562
0.286892 0.128357 0.416182 0.168569
0.457108 0.072513 0.385086 0.085293
0.40429 0.473049 0.087757 0.034904
0.053127 0.375668 0.182872 0.388333
0.036223 0.503466 0.296132 0.164179
0.760839 0.097699 0.072611 0.068851
0.185366 0.552548 0.172367 0.089719
0.028463 0.095471 0.137877 0.738189
0.052238 0.225349 0.155528 0.566885
0.414154 0.111979 0.079053 0.394814
0.107896 0.308771 0.166692 0.416641
0.178854 0.547841 0.143042 0.130263
10000 10
0.488857 0.107653 0.127279 0.276211
0.179113 0.406509 0.3859 0.028478
0.330443 0.123937 0.277858 0.267762
0.206798 0.190363 0.438219 0.16462
0.272287 0.029376 0.557928 0.140409
0.043735 0.47175 0.292323 0.192192
0.025542 0.006993 0.878218 0.089247
0.151105 0.201749 0.207079 0.440067
0.290745 0.414502 0.055689 0.239064
0.1691 0.371665 0.346458 0.112777
10000 18
0.127894 0.695892 0.107735 0.068479
0.096743 0.138651 0.062477 0.702129
0.099438 0.028588 0.058321 0.813653
0.033094 0.129672 0.814679 0.022555
0.045596 0.842605 0.009759 0.10204
0.383892 0.518708 0.027574 0.069826
0.319483 0.531257 0.102579 0.046681
0.161336 0.101971 0.107031 0.629662
0.06547 0.135276 0.260702 0.538552
0.186229 0.110422 0.621899 0.08145
0.034365 0.44472 0.103219 0.417696
0.158497 0.112275 0.676459 0.052769
0.19263 0.476183 0.189945 0.141242
0.128661 0.055328 0.709354 0.106657
0.378898 0.499847 0.067721 0.053534
0.178452 0.059563 0.29727 0.464715
0.421153 0.356309 0.214067 0.008471
0.408453 0.440025 0.057721 0.093801
10000 26
0.099421 0.331656 0.353739 0.215184
0.125177 0.65311 0.069688 0.152025
0.136819 0.26953 0.058052 0.535599
0.065547 0.096418 0.455712 0.382323
0.229614 0.000733 0.291093 0.47856
0.155902 0.685067 0.129923 0.029108
0.096599 0.173957 0.713266 0.016178
0.226281 0.295814 0.456809 0.021096
0.593059 0.197375 0.031745 0.177821
0.087579 0.240082 0.541716 0.130623
0.921776 0.025232 0.040872 0.01212
0.506033 0.129126 0.239163 0.125678
0.048374 0.056052 0.423621 0.471953
0.069648 0.037655 0.463266 0.429431
0.123056 0.287918 0.351572 0.237454
0.392151 0.23665 0.011534 0.359665
0.36323 0.063923 0.108041 0.464806
0.387391 0.219374 0.052695 0.34054
0.676424 0.275296 0.012331 0.035949
0.289963 0.19103 0.459772 0.059235
0.118764 0.534639 0.128732 0.217865
0.815572 0.107193 0.011737 0.065498
0.327027 0.268826 0.25601 0.148137
0.444465 0.033633 0.480926 0.040976
0.236448 0.21798 0.001314 0.544258
0.179981 0.179206 0.479879 0.160934
10000 17
0.299253 0.25895 0.293304 0.148493
0.236276 0.405373 0.180653 0.177698
0.073491 0.074359 0.675814 0.176336
0.727461 0.145456 0.07151 0.055573
0.416033 0.31569 0.027926 0.240351
0.404762 0.012808 0.339732 0.242698
0.089489 0.594848 0.144675 0.170988
0.422499 0.350106 0.210122 0.017273
0.109292 0.036562 0.038842 0.815304
0.2114 0.02878 0.08375 0.67607
0.359001 0.07757 0.459347 0.104082
0.031446 0.809377 0.018108 0.141069
0.146027 0.221073 0.180314 0.452586
0.024996 0.191183 0.048906 0.734915
0.619374 0.155399 0.159011 0.066216
0.387536 0.123203 0.170311 0.31895
0.206455 0.35915 0.111788 0.322607
631 5
0.73182 0.146023 0.040782 0.081375
0.174916 0.561103 0.11478 0.149201
0.056571 0.021278 0.794234 0.127917
0.096671 0.092041 0.370311 0.440977
0.749282 0.012803 0.197997 0.039918
10000 27
0.546807 0.224026 0.043696 0.185471
0.814132 0.044938 0.131333 0.009597
0.452602 0.047327 0.369193 0.130878
0.098666 0.475581 0.173154 0.252599
0.153988 0.040221 0.212839 0.592952
0.109937 0.249526 0.614885 0.025652
0.259231 0.64539 0.012842 0.082537
0.066705 0.590854 0.296996 0.045445
0.118282 0.618138 0.09907 0.16451
0.248694 0.105891 0.457613 0.187802
0.313614 0.119626 0.119872 0.446888
0.220724 0.04339 0.379682 0.356204
0.301333 0.012051 0.527239 0.159377
0.515267 0.092263 0.196871 0.195599
0.304254 0.16552 0.018882 0.511344
0.427492 0.067363 0.332618 0.172527
0.105675 0.360149 0.366985 0.167191
0.27604 0.416439 0.154085 0.153436
0.237828 0.06179 0.062018 0.638364
0.109245 0.191748 0.507557 0.19145
0.152396 0.011528 0.805659 0.030417
