100
6
0 811 0 595 591 321
811 0 716 648 923 942
0 716 0 756 695 0
595 648 756 0 0 556
591 923 695 0 0 982
321 942 0 556 982 0
6
0 8 11 7 11 5
8 0 3 1 0 1
11 3 0 5 7 15
7 1 5 0 0 10
11 0 7 0 0 20
5 1 15 10 20 0
6
0 0 9 2 10 8
0 0 0 0 0 0
9 0 0 7 2 5
2 0 7 0 4 7
10 0 2 4 0 1
8 0 5 7 1 0
6
0 0 10 16 0 4
0 0 19 12 0 10
10 19 0 6 6 6
16 12 6 0 0 0
0 0 6 0 0 9
4 10 6 0 9 0
6
0 713 243 264 997 0
713 0 58 205 0 0
243 58 0 906 21 0
264 205 906 0 267 352
997 0 21 267 0 467
0 0 0 352 467 0
6
0 7 0 0 12 0
7 0 0 11 3 20
0 0 0 16 0 16
0 11 16 0 14 8
12 3 0 14 0 0
0 20 16 8 0 0
6
0 1 2 3 4 5
1 0 6 7 8 9
2 6 0 10 11 12
3 7 10 0 13 14
4 8 11 13 0 15
5 9 12 14 15 0
6
0 0 0 0 3 0
0 0 0 0 0 7
0 0 0 0 0 0
0 0 0 0 0 0
3 0 0 0 0 0
0 7 0 0 0 0
6
0 3 0 0 8 5
3 0 2 1 3 5
0 2 0 0 16 0
0 1 0 0 0 0
8 3 16 0 0 10
5 5 0 0 10 0
6
0 819 0 232 942 0
819 0 505 0 678 316
0 505 0 954 649 290
232 0 954 0 824 971
942 678 649 824 0 653
0 316 290 971 653 0
6
0 13 7 17 6 7
13 0 0 5 14 5
7 0 0 15 9 15
17 5 15 0 13 3
6 14 9 13 0 3
7 5 15 3 3 0
6
0 0 0 0 0 4
0 0 0 3 0 0
0 0 0 0 3 0
0 3 0 0 0 0
0 0 3 0 0 0
4 0 0 0 0 0
6
0 375 0 0 651 0
375 0 486 799 694 778
0 486 0 850 234 0
0 799 850 0 271 804
651 694 234 271 0 306
0 778 0 804 306 0
6
0 4 0 3 13 7
4 0 0 19 17 5
0 0 0 16 0 4
3 19 16 0 3 9
13 17 0 3 0 19
7 5 4 9 19 0
6
0 3 0 1 0 0
3 0 0 8 0 0
0 0 0 0 0 0
1 8 0 0 0 0
0 0 0 0 0 0
0 0 0 0 0 0
6
0 14 18 1 17 5
14 0 0 3 0 2
18 0 0 0 4 18
1 3 0 0 14 0
17 0 4 14 0 5
5 2 18 0 5 0
6
0 869 0 386 839 0
869 0 405 427 0 419
0 405 0 958 0 303
386 427 958 0 0 814
839 0 0 0 0 467
0 419 303 814 467 0
6
0 0 0 0 0 10
0 0 0 0 0 0
0 0 0 0 0 0
0 0 0 0 0 0
0 0 0 0 0 0
10 0 0 0 0 0
6
0 2 3 9 9 6
2 0 7 3 4 3
3 7 0 4 10 8
9 3 4 0 8 5
9 4 10 8 0 2
6 3 8 5 2 0
6
0 10 0 5 0 9
10 0 0 1 0 9
0 0 0 0 2 0
5 1 0 0 0 4
0 0 2 0 0 0
9 9 0 4 0 0
6
0 3 4 5 17 8
3 0 0 10 11 20
4 0 0 19 0 3
5 10 19 0 0 15
17 11 0 0 0 0
8 20 3 15 0 0
6
0 0 18 9 14 2
0 0 18 0 15 0
18 18 0 13 6 18
9 0 13 0 0 4
14 15 6 0 0 0
2 0 18 4 0 0
6
0 619 987 171 0 257
619 0 0 905 782 0
987 0 0 705 0 206
171 905 705 0 371 393
0 782 0 371 0 944
257 0 206 393 944 0
6
0 54 179 320 0 939
54 0 549 165 51 0
179 549 0 655 259 0
320 165 655 0 0 387
0 51 259 0 0 0
939 0 0 387 0 0
6
0 302 302 302 302 302
302 0 302 302 302 302
302 302 0 302 302 302
302 302 302 0 302 302
302 302 302 302 0 302
302 302 302 302 302 0
6
0 9 0 19 11 0
9 0 8 14 5 1
0 8 0 1 15 0
19 14 1 0 11 15
11 5 15 11 0 9
0 1 0 15 9 0
6
0 807 0 0 578 652
807 0 688 216 78 0
0 688 0 93 0 60
0 216 93 0 125 686
578 78 0 125 0 521
652 0 60 686 521 0
6
0 1 2 3 4 5
1 0 6 7 8 9
2 6 0 10 11 12
3 7 10 0 13 14
4 8 11 13 0 15
5 9 12 14 15 0
6
0 316 0 317 583 351
316 0 291 0 652 515
0 291 0 0 408 0
317 0 0 0 195 68
583 652 408 195 0 44
351 515 0 68 44 0
6
0 1 5 10 4 6
1 0 6 7 0 20
5 6 0 6 12 4
10 7 6 0 0 20
4 0 12 0 0 0
6 20 4 20 0 0
6
0 19 8 19 14 16
19 0 14 19 2 20
8 14 0 18 12 2
19 19 18 0 0 11
14 2 12 0 0 3
16 20 2 11 3 0
6
0 0 13 8 20 14
0 0 13 0 15 4
13 13 0 17 2 0
8 0 17 0 0 0
20 15 2 0 0 8
14 4 0 0 8 0
6
0 0 17 0 18 12
0 0 13 11 17 0
17 13 0 0 0 13
0 11 0 0 0 0
18 17 0 0 0 0
12 0 13 0 0 0
6
0 15 12 10 1 6
15 0 9 19 9 10
12 9 0 0 8 13
10 19 0 0 15 13
1 9 8 15 0 16
6 10 13 13 16 0
6
0 4 2 10 9 4
4 0 7 8 10 2
2 7 0 9 2 6
10 8 9 0 7 1
9 10 2 7 0 6
4 2 6 1 6 0
6
0 34 149 643 657 482
34 0 14 837 310 963
149 14 0 937 152 265
643 837 937 0 117 691
657 310 152 117 0 575
482 963 265 691 575 0
6
0 624 906 271 982 372
624 0 181 829 598 748
906 181 0 491 302 181
271 829 491 0 539 311
982 598 302 539 0 944
372 748 181 311 944 0
6
0 16 14 15 18 12
16 0 13 5 14 8
14 13 0 11 0 11
15 5 11 0 7 4
18 14 0 7 0 13
12 8 11 4 13 0
6
0 8 13 12 13 0
8 0 0 12 0 3
13 0 0 19 13 18
12 12 19 0 4 9
13 0 13 4 0 17
0 3 18 9 17 0
6
0 885 885 885 885 885
885 0 885 885 885 885
885 885 0 885 885 885
885 885 885 0 885 885
885 885 885 885 0 885
885 885 885 885 885 0
6
0 8 0 13 2 15
8 0 6 17 5 6
0 6 0 10 10 9
13 17 10 0 0 4
2 5 10 0 0 0
15 6 9 4 0 0
6
0 2 0 0 2 0
2 0 0 0 10 0
0 0 0 0 0 2
0 0 0 0 0 0
2 10 0 0 0 0
0 0 2 0 0 0
6
0 0 0 5 0 0
0 0 0 0 8 0
0 0 0 0 0 10
5 0 0 0 0 0
0 8 0 0 0 0
0 0 10 0 0 0
6
0 412 337 668 624 105
412 0 974 389 908 591
337 974 0 297 432 989
668 389 297 0 797 610
624 908 432 797 0 866
105 591 989 610 866 0
6
0 428 214 385 846 866
428 0 0 136 319 901
214 0 0 0 0 0
385 136 0 0 50 58
846 319 0 50 0 0
866 901 0 58 0 0
6
0 3 3 15 0 16
3 0 2 11 8 0
3 2 0 7 6 8
15 11 7 0 3 14
0 8 6 3 0 12
16 0 8 14 12 0
6
0 9 0 18 10 20
9 0 13 13 5 0
0 13 0 12 10 0
18 13 12 0 0 18
10 5 10 0 0 0
20 0 0 18 0 0
6
0 0 0 18 13 14
0 0 2 8 17 0
0 2 0 6 3 11
18 8 6 0 7 13
13 17 3 7 0 4
14 0 11 13 4 0
6
0 1 2 3 4 5
1 0 6 7 8 9
2 6 0 10 11 12
3 7 10 0 13 14
4 8 11 13 0 15
5 9 12 14 15 0
6
0 691 709 945 140 239
691 0 659 241 83 284
709 659 0 0 375 539
945 241 0 0 682 655
140 83 375 682 0 942
239 284 539 655 942 0
6
0 480 480 480 480 480
480 0 480 480 480 480
480 480 0 480 480 480
480 480 480 0 480 480
480 480 480 480 0 480
480 480 480 480 480 0
6
0 17 19 8 12 15
17 0 16 19 0 7
19 16 0 0 0 12
8 19 0 0 6 0
12 0 0 6 0 13
15 7 12 0 13 0
6
0 241 241 241 241 241
241 0 241 241 241 241
241 241 0 241 241 241
241 241 241 0 241 241
241 241 241 241 0 241
241 241 241 241 241 0
6
0 713 0 441 0 0
713 0 0 0 533 367
0 0 0 0 0 29
441 0 0 0 798 972
0 533 0 798 0 0
0 367 29 972 0 0
6
0 12 14 0 0 0
12 0 0 13 0 3
14 0 0 7 0 3
0 13 7 0 15 1
0 0 0 15 0 6
0 3 3 1 6 0
6
0 6 0 12 15 19
6 0 9 16 2 14
0 9 0 0 9 20
12 16 0 0 9 18
15 2 9 9 0 0
19 14 20 18 0 0
6
0 5 3 7 0 0
5 0 8 9 0 0
3 8 0 10 0 0
7 9 10 0 0 0
0 0 0 0 0 7
0 0 0 0 7 0
6
0 0 153 649 922 727
0 0 976 37 253 768
153 976 0 0 64 0
649 37 0 0 2 877
922 253 64 2 0 436
727 768 0 877 436 0
6
0 0 0 0 6 0
0 0 0 5 0 0
0 0 0 0 0 3
0 5 0 0 0 0
6 0 0 0 0 0
0 0 3 0 0 0
6
0 0 1 0 10 12
0 0 0 17 0 3
1 0 0 0 0 0
0 17 0 0 5 10
10 0 0 5 0 8
12 3 0 10 8 0
6
0 0 12 10 19 17
0 0 1 13 6 8
12 1 0 19 0 0
10 13 19 0 17 16
19 6 0 17 0 4
17 8 0 16 4 0
6
0 1 2 3 4 5
1 0 6 7 8 9
2 6 0 10 11 12
3 7 10 0 13 14
4 8 11 13 0 15
5 9 12 14 15 0
6
0 19 3 5 14 6
19 0 13 18 8 16
3 13 0 0 18 0
5 18 0 0 3 17
14 8 18 3 0 2
6 16 0 17 2 0
6
0 1 2 3 4 5
1 0 6 7 8 9
2 6 0 10 11 12
3 7 10 0 13 14
4 8 11 13 0 15
5 9 12 14 15 0
6
0 18 2 6 0 9
18 0 16 16 11 8
2 16 0 12 9 18
6 16 12 0 0 12
0 11 9 0 0 8
9 8 18 12 8 0
6
0 12 0 0 0 18
12 0 19 0 17 13
0 19 0 17 7 1
0 0 17 0 1 17
0 17 7 1 0 0
18 13 1 17 0 0
6
0 1 0 0 0 0
1 0 0 0 0 0
0 0 0 0 3 0
0 0 0 0 0 6
0 0 3 0 0 0
0 0 0 6 0 0
6
0 16 13 6 20 18
16 0 10 0 18 0
13 10 0 11 0 2
6 0 11 0 16 5
20 18 0 16 0 9
18 0 2 5 9 0
6
0 6 9 0 2 0
6 0 5 8 5 13
9 5 0 0 0 13
0 8 0 0 19 6
2 5 0 19 0 0
0 13 13 6 0 0
6
0 295 742 213 416 307
295 0 414 452 618 908
742 414 0 525 47 149
213 452 525 0 178 526
416 618 47 178 0 385
307 908 149 526 385 0
6
0 0 19 7 12 4
0 0 0 9 14 0
19 0 0 0 10 12
7 9 0 0 11 5
12 14 10 11 0 6
4 0 12 5 6 0
6
0 13 1 19 0 13
13 0 6 16 11 20
1 6 0 7 2 17
19 16 7 0 19 15
0 11 2 19 0 10
13 20 17 15 10 0
6
0 0 0 0 1 19
0 0 10 1 7 0
0 10 0 1 0 15
0 1 1 0 1 13
1 7 0 1 0 0
19 0 15 13 0 0
6
0 16 19 4 15 0
16 0 10 0 15 0
19 10 0 13 15 0
4 0 13 0 2 20
15 15 15 2 0 3
0 0 0 20 3 0
6
0 645 868 896 201 0
645 0 449 0 42 286
868 449 0 447 0 46
896 0 447 0 0 311
201 42 0 0 0 462
0 286 46 311 462 0
6
0 0 0 16 6 0
0 0 7 0 2 0
0 7 0 0 14 18
16 0 0 0 15 0
6 2 14 15 0 2
0 0 18 0 2 0
6
0 4 0 0 20 17
4 0 0 12 14 0
0 0 0 5 2 18
0 12 5 0 0 8
20 14 2 0 0 6
17 0 18 8 6 0
6
0 314 90 616 587 352
314 0 0 495 754 224
90 0 0 899 83 866
616 495 899 0 45 722
587 754 83 45 0 675
352 224 866 722 675 0
6
0 7 14 10 6 0
7 0 15 9 19 8
14 15 0 17 1 14
10 9 17 0 9 19
6 19 1 9 0 5
0 8 14 19 5 0
6
0 2 0 2 0 0
2 0 0 9 19 0
0 0 0 0 1 5
2 9 0 0 2 18
0 19 1 2 0 18
0 0 5 18 18 0
6
0 12 0 5 6 2
12 0 14 7 0 0
0 14 0 7 1 4
5 7 7 0 15 8
6 0 1 15 0 0
2 0 4 8 0 0
6
0 7 11 20 3 2
7 0 11 18 15 0
11 11 0 14 0 16
20 18 14 0 14 19
3 15 0 14 0 17
2 0 16 19 17 0
6
0 0 0 7 0 0
0 0 7 0 10 0
0 7 0 0 6 0
7 0 0 0 0 0
0 10 6 0 0 0
0 0 0 0 0 0
6
0 365 511 0 956 249
365 0 565 0 518 531
511 565 0 477 578 0
0 0 477 0 647 937
956 518 578 647 0 429
249 531 0 937 429 0
6
0 20 0 3 0 15
20 0 5 15 0 8
0 5 0 5 0 1
3 15 5 0 20 0
0 0 0 20 0 20
15 8 1 0 20 0
6
0 0 0 0 0 0
0 0 0 0 0 0
0 0 0 0 0 0
0 0 0 0 0 0
0 0 0 0 0 0
0 0 0 0 0 0
6
0 0 61 0 16 42
0 0 723 579 171 0
61 723 0 258 690 0
0 579 258 0 0 750
16 171 690 0 0 658
42 0 0 750 658 0
6
0 11 8 5 4 5
11 0 2 0 1 0
8 2 0 0 0 1
5 0 0 0 14 13
4 1 0 14 0 6
5 0 1 13 6 0
6
0 0 4 10 11 20
0 0 5 0 15 19
4 5 0 16 0 6
10 0 16 0 13 10
11 15 0 13 0 1
20 19 6 10 1 0
6
0 100 361 202 544 389
100 0 56 0 182 664
361 56 0 326 604 520
202 0 326 0 0 450
544 182 604 0 0 428
389 664 520 450 428 0
6
0 0 0 5 13 0
0 0 1 16 1 14
0 1 0 0 0 15
5 16 0 0 12 16
13 1 0 12 0 12
0 14 15 16 12 0
6
0 533 995 14 175 651
533 0 847 188 840 156
995 847 0 151 776 308
14 188 151 0 767 244
175 840 776 767 0 350
651 156 308 244 350 0
6
0 1 0 0 18 15
1 0 13 10 12 17
0 13 0 0 0 10
0 10 0 0 5 3
18 12 0 5 0 20
15 17 10 3 20 0
6
0 857 857 857 857 857
857 0 857 857 857 857
857 857 0 857 857 857
857 857 857 0 857 857
857 857 857 857 0 857
857 857 857 857 857 0
6
0 17 4 6 14 19
17 0 5 20 17 14
4 5 0 13 0 20
6 20 13 0 4 13
14 17 0 4 0 1
19 14 20 13 1 0
6
0 0 615 25 129 277
0 0 0 0 443 0
615 0 0 0 901 632
25 0 0 0 890 186
129 443 901 890 0 0
277 0 632 186 0 0
6
0 0 18 10 0 11
0 0 0 0 14 2
18 0 0 15 0 8
10 0 15 0 7 15
0 14 0 7 0 0
11 2 8 15 0 0
6
0 285 0 64 114 0
285 0 273 59 780 706
0 273 0 80 0 651
64 59 80 0 640 0
114 780 0 640 0 671
0 706 651 0 671 0
6
0 7 1 16 0 0
7 0 0 3 0 13
1 0 0 8 0 3
16 3 8 0 0 0
0 0 0 0 0 7
0 13 3 0 7 0
6
0 0 10 0 0 19
0 0 7 0 13 9
10 7 0 1 15 5
0 0 1 0 9 14
0 13 15 9 0 2
19 9 5 14 2 0
